0 77 0
1 15 8
8 18 6
11 0 13
12 8 5
15 33 9
18 1 7
32 60 2
33 62 10
47 12 4
60 47 3
62 64 11
64 11 12
77 32 1
next
0 0 86 3
0 9 7 0
0 9 71 3
0 11 10 0
0 14 85 3
0 18 79 3
0 25 39 1
0 37 24 0
0 43 9 3
0 46 19 1
0 52 38 2
0 52 38 3
0 56 36 3
0 60 66 12
0 65 37 13
0 66 10 0
0 71 35 4
0 75 6 9
0 76 26 9
0 85 57 10
0 94 20 6
0 94 45 8
0 96 31 9
0 98 61 7
0 103 51 8
0 104 13 8
0 108 80 8
0 117 5 8
0 118 21 9
0 120 14 7
0 120 14 8
0 120 14 10
0 122 63 10
0 124 22 11
0 124 58 11
0 124 76 5
0 125 75 11
0 126 16 5
0 128 48 5
0 128 53 11
0 130 17 12
0 131 27 12
0 131 50 4
0 136 4 5
0 136 56 11
0 137 41 10
0 137 42 11
0 142 87 5
0 143 83 12
0 148 2 10
0 149 68 10
0 150 3 5
0 151 84 10
0 154 46 11
0 155 23 11
1 1 52 3
1 8 82 0
1 9 67 0
1 10 28 0
1 11 36 0
1 14 78 3
1 35 10 0
1 35 10 3
1 37 24 0
1 38 43 2
1 43 9 2
1 43 9 3
1 56 36 3
1 59 59 4
1 60 66 12
1 66 10 0
1 75 74 9
1 76 34 9
1 76 69 9
1 78 55 9
1 85 57 10
1 94 45 8
1 94 72 6
1 98 57 7
1 103 51 8
1 104 45 8
1 107 44 8
1 108 49 8
1 117 20 8
1 120 14 7
1 120 14 10
1 124 30 11
1 124 76 5
1 126 16 12
1 127 29 12
1 128 25 5
1 128 70 11
1 130 27 12
1 131 27 12
1 131 50 4
1 136 4 5
1 136 54 11
1 137 41 10
1 142 87 11
1 143 73 12
1 145 40 12
1 148 2 10
1 150 3 5
1 151 65 10
1 154 81 11
