0 16 0
2 45 2
9 10 12
10 0 13
11 35 10
16 2 1
31 76 5
35 9 11
45 51 3
46 64 8
51 31 4
64 11 9
76 84 6
84 46 7
next
0 0 86 11
0 4 52 13
0 8 82 11
0 14 47 13
0 18 79 13
0 34 24 11
0 34 32 12
0 44 67 12
0 53 36 11
0 53 38 12
0 55 19 11
0 56 36 12
0 60 33 9
0 70 78 10
0 76 69 4
0 77 74 4
0 82 57 4
0 85 57 5
0 86 34 4
0 88 20 4
0 94 18 2
0 98 1 5
0 100 21 3
0 102 49 2
0 110 14 5
0 119 14 5
0 120 14 5
0 125 75 8
0 126 27 0
0 127 29 9
0 128 17 8
0 131 12 0
0 131 12 9
0 135 63 5
0 136 22 8
0 137 42 1
0 138 41 6
0 138 41 7
0 139 3 7
0 139 56 6
0 142 87 8
0 143 73 9
0 148 68 1
0 155 23 8
0 159 30 6
0 159 65 6
0 160 4 7
0 168 50 7
1 4 85 13
1 9 71 13
1 10 28 11
1 34 24 11
1 34 39 12
1 34 77 12
1 44 7 12
1 53 38 12
1 53 43 11
1 55 60 11
1 56 36 12
1 59 59 0
1 60 66 9
1 65 37 10
1 70 66 10
1 77 6 4
1 78 55 4
1 82 61 4
1 85 57 5
1 86 5 4
1 88 20 4
1 90 26 4
1 94 18 2
1 98 1 5
1 99 72 3
1 100 15 3
1 100 80 3
1 102 13 2
1 102 44 2
1 119 14 5
1 120 14 5
1 126 27 0
1 128 53 8
1 128 70 1
1 131 12 9
1 135 8 5
1 138 25 6
1 138 48 7
1 139 3 7
1 139 54 6
1 142 87 8
1 143 83 9
1 148 27 1
1 154 81 8
1 155 40 8
1 159 62 6
1 160 4 7
1 160 58 6
1 168 50 7
