5049.817888563133
0.7320623751150923
0 37 0
7 32 9
8 40 4
11 82 6
32 60 10
32 78 12
37 46 1
40 11 5
46 84 2
60 32 11
78 0 13
82 85 7
84 8 3
85 7 8
next
0 12 0 0
0 14 47 6
0 18 79 7
0 24 1 9
0 24 32 11
0 26 24 12
0 46 19 9
0 47 66 12
0 52 38 9
0 55 9 8
0 55 9 9
0 56 36 13
0 57 10 8
0 57 10 9
0 58 57 5
0 60 11 5
0 64 6 5
0 64 55 5
0 64 57 1
0 64 69 5
0 67 7 8
0 67 67 8
0 126 16 1
0 127 29 5
0 128 53 1
0 128 70 4
0 130 27 5
0 131 12 1
0 131 12 5
0 135 76 2
0 137 42 3
0 138 41 2
0 138 41 3
0 139 3 3
0 139 62 2
0 141 75 4
0 142 87 1
0 144 81 2
0 145 64 5
0 146 18 3
0 146 51 4
0 148 2 4
0 148 45 3
0 149 14 3
0 149 14 4
0 149 20 3
0 149 20 4
0 149 34 3
0 149 44 3
0 149 51 3
0 149 68 4
0 150 8 3
0 152 21 3
0 159 50 2
0 160 4 3
1 0 86 13
1 2 52 8
1 8 82 6
1 9 71 13
1 10 28 13
1 24 1 9
1 25 39 9
1 26 24 12
1 37 77 12
1 38 43 9
1 47 66 13
1 48 78 12
1 49 60 10
1 52 38 9
1 55 9 8
1 56 36 8
1 56 36 13
1 57 10 8
1 57 10 9
1 58 74 5
1 59 59 1
1 60 11 5
1 64 14 5
1 64 31 5
1 64 33 5
1 64 57 1
1 64 61 5
1 65 37 6
1 67 10 8
1 71 35 6
1 73 85 7
1 126 16 1
1 128 17 1
1 130 27 5
1 131 12 1
1 135 76 2
1 136 22 2
1 138 25 3
1 138 48 2
1 139 3 3
1 139 30 2
1 139 54 2
1 139 56 2
1 141 27 4
1 142 87 1
1 143 73 4
1 143 83 5
1 144 50 2
1 145 23 5
1 146 15 4
1 146 49 3
1 148 2 4
1 148 13 3
1 149 5 3
1 149 14 3
1 149 14 4
1 149 18 4
1 149 26 3
1 149 45 3
1 149 45 4
1 149 72 3
1 150 63 3
1 152 80 3
1 159 65 2
1 159 84 2
1 160 4 3
1 160 58 2
1 168 46 1
1 173 40 4
5430.094666009385
