3884.2802258463150 0 0
0 85 1
7 32 4
8 45 13
10 7 3
16 81 10
32 47 8
32 78 5
40 8 12
47 16 9
60 32 7
78 60 6
81 40 11
85 10 2
next
0 0 86 1
0 2 52 2
0 8 82 1
0 12 0 0
0 14 47 1
0 24 57 7
0 26 24 5
0 37 77 6
0 44 10 2
0 47 66 5
0 48 78 5
0 49 60 6
0 52 38 6
0 55 9 4
0 56 36 8
0 57 10 3
0 57 67 4
0 61 11 9
0 64 31 9
0 64 55 9
0 94 18 13
0 94 21 13
0 94 45 13
0 102 5 13
0 102 13 13
0 102 14 13
0 102 20 13
0 102 26 13
0 102 45 13
0 102 51 13
0 102 80 13
0 105 1 13
0 105 6 13
0 105 14 13
0 105 61 13
0 123 68 12
0 124 76 12
0 125 46 10
0 126 16 11
0 126 27 9
0 128 70 12
0 130 17 9
0 131 12 9
0 136 3 12
0 136 4 12
0 136 25 12
0 136 41 12
0 136 50 12
0 136 56 12
0 136 58 12
0 136 84 12
0 137 42 12
0 142 87 10
0 142 87 12
0 143 83 12
0 145 64 12
0 148 2 12
0 150 63 12
0 154 81 10
1 9 71 2
1 10 28 2
1 18 79 1
1 24 32 4
1 24 57 7
1 25 39 4
1 26 24 5
1 38 43 8
1 44 10 2
1 46 19 8
1 47 66 6
1 52 38 6
1 55 9 3
1 55 9 4
1 56 36 3
1 56 36 8
1 57 10 3
1 57 10 4
1 59 59 9
1 61 11 9
1 64 33 9
1 64 74 9
1 65 37 9
1 67 7 3
1 71 35 9
1 73 85 1
1 94 14 13
1 94 18 13
1 94 49 13
1 102 14 13
1 102 15 13
1 102 20 13
1 102 44 13
1 102 45 13
1 102 51 13
1 102 69 13
1 105 1 13
1 105 14 13
1 105 34 13
1 105 57 13
1 105 72 13
1 123 62 12
1 124 76 12
1 125 48 10
1 125 75 11
1 126 12 12
1 126 16 11
1 126 27 9
1 127 29 11
1 128 53 12
1 130 27 9
1 131 12 9
1 136 3 12
1 136 4 12
1 136 22 12
1 136 30 12
1 136 41 12
1 136 50 12
1 136 54 12
1 136 65 12
1 143 73 11
1 145 23 12
1 148 2 12
1 150 8 12
1 173 40 11
