4034.01297412855460 16 6
0 86 0
2 18 12
7 78 2
16 84 7
18 1 13
24 47 4
47 0 5
50 65 9
58 2 11
65 58 10
78 24 3
84 50 8
86 7 1
next
0 0 52 4
0 0 86 4
0 4 85 1
0 9 71 4
0 12 0 5
0 18 79 4
0 23 24 3
0 25 19 4
0 25 39 4
0 30 32 4
0 37 77 2
0 48 78 2
0 52 38 2
0 54 60 1
0 55 9 1
0 55 9 2
0 56 36 1
0 56 36 4
0 57 10 1
0 57 10 2
0 59 59 6
0 61 11 6
0 64 33 6
0 64 74 6
0 67 7 1
0 67 67 1
0 71 35 6
0 93 5 13
0 93 26 13
0 93 72 13
0 94 18 12
0 94 45 12
0 94 49 12
0 94 51 12
0 94 80 12
0 98 57 13
0 105 20 12
0 105 45 13
0 110 1 13
0 110 6 13
0 110 14 13
0 119 15 13
0 120 14 13
0 123 8 11
0 124 53 11
0 126 16 6
0 128 70 7
0 128 81 7
0 130 27 6
0 131 12 6
0 134 62 7
0 135 76 11
0 137 42 11
0 137 63 11
0 138 48 7
0 139 3 7
0 139 56 10
0 142 29 7
0 142 64 7
0 142 83 7
0 142 87 7
0 148 2 11
0 149 68 12
0 157 46 9
0 159 84 7
0 160 4 10
0 160 58 7
0 170 65 8
0 171 50 8
0 172 50 8
1 8 82 4
1 10 28 4
1 14 47 0
1 26 24 3
1 38 43 4
1 47 66 3
1 48 66 2
1 52 38 2
1 55 9 1
1 56 36 1
1 57 10 1
1 57 10 2
1 59 11 6
1 64 31 6
1 64 55 6
1 65 37 6
1 67 10 1
1 93 1 13
1 93 20 13
1 93 34 13
1 94 13 12
1 94 18 12
1 94 21 12
1 94 44 12
1 94 51 12
1 98 57 13
1 105 14 12
1 105 45 13
1 110 14 13
1 110 57 13
1 110 61 13
1 119 69 13
1 120 14 13
1 123 27 11
1 124 12 7
1 124 17 11
1 126 16 6
1 128 75 7
1 130 27 6
1 131 12 6
1 135 76 7
1 136 22 7
1 138 25 7
1 138 41 11
1 139 3 7
1 142 23 7
1 142 40 7
1 142 73 7
1 142 87 7
1 148 2 11
1 157 30 8
1 157 54 9
1 160 4 7
1 160 41 10
