1181.069281954240 0 0
0 10 2
2 28 10
8 8 5
8 16 6
10 22 3
16 2 9
16 30 7
18 29 12
22 8 4
23 21 14
28 18 11
29 23 13
30 16 8
next
0 7 10 2
0 10 9 2
0 10 14 3
0 37 4 3
0 43 19 3
0 46 6 12
0 46 6 13
0 47 1 13
0 49 29 12
0 59 23 13
0 60 5 11
0 60 5 12
0 60 5 13
0 63 18 11
0 77 3 6
0 82 15 3
0 84 25 11
0 85 20 11
0 90 12 11
0 94 30 6
0 95 17 4
0 96 16 6
0 96 16 8
0 101 8 4
0 105 28 10
0 109 2 9
0 110 22 3
1 10 7 2
1 11 0 2
1 34 26 3
1 35 24 3
1 37 13 3
1 46 6 12
1 46 6 13
1 59 23 13
1 60 5 13
1 68 21 14
1 88 27 11
1 92 11 11
1 96 16 6
1 96 16 8
1 105 28 10
1 109 2 9
