1501.932834216693
0.01923166001579241
0 22 0
2 18 4
7 0 9
8 16 2
16 2 3
16 26 7
18 29 5
22 8 1
26 7 8
29 16 6
next
0 10 14 8
0 11 0 0
0 25 4 9
0 27 7 8
0 35 24 7
0 43 19 8
0 46 6 5
0 46 6 6
0 47 1 6
0 49 29 5
0 58 21 6
0 60 5 5
0 60 5 6
0 60 23 4
0 88 27 4
0 96 16 2
0 96 16 6
0 101 8 1
0 104 11 3
0 104 12 4
0 109 2 3
0 110 22 0
1 25 13 9
1 26 9 9
1 34 26 7
1 37 10 8
1 46 6 5
1 46 6 6
1 60 5 5
1 60 5 6
1 60 23 4
1 63 18 4
1 77 3 2
1 82 15 0
1 84 25 4
1 85 20 3
1 94 30 2
1 95 17 1
1 96 16 2
1 96 16 6
1 104 28 3
1 104 28 4
1 109 2 3
1567.6790692453633
