3227.5587990544750 18 2
0 47 0
5 17 5
17 44 6
18 41 3
33 8 8
41 5 4
44 33 7
47 0 1
next
0 1 9 0
0 11 34 0
0 16 22 0
0 16 22 2
0 22 20 2
0 38 12 0
0 38 47 1
0 45 6 1
0 45 32 0
0 47 35 2
0 53 19 1
0 54 32 0
0 55 43 2
0 58 36 2
0 61 29 6
0 63 11 6
0 72 4 7
0 73 10 4
0 76 5 4
0 77 3 6
0 77 4 7
0 80 17 5
0 84 46 5
0 87 44 6
0 88 24 6
0 94 18 3
0 94 21 8
0 95 18 3
0 101 7 2
0 106 14 8
0 108 15 8
0 116 26 7
0 118 7 4
0 118 42 7
0 119 39 4
0 120 41 3
0 122 18 2
0 131 15 8
0 132 8 8
1 7 48 0
1 11 34 0
1 11 34 1
1 16 0 2
1 16 1 0
1 38 12 0
1 45 28 1
1 45 32 0
1 51 23 2
1 57 2 2
1 58 36 2
1 62 45 7
1 63 11 6
1 72 25 6
1 72 37 7
1 77 4 7
1 84 46 5
1 87 16 7
1 88 23 6
1 94 38 3
1 94 40 8
1 95 33 3
1 96 30 2
1 108 15 8
1 118 27 4
1 118 31 7
1 122 18 2
1 131 13 8
1 133 13 8
