1980.0642923587736
0.4385804648251321
0 2 0
2 2 1
2 6 4
2 19 2
6 18 5
7 0 11
13 18 9
17 23 7
18 7 10
18 17 6
19 2 3
23 13 8
next
0 1 9 0
0 11 34 0
0 16 0 0
0 16 1 11
0 22 20 5
0 29 32 4
0 29 32 5
0 34 6 4
0 38 12 5
0 38 47 0
0 40 28 4
0 57 43 11
0 58 36 5
0 61 29 7
0 62 45 7
0 63 11 7
0 72 4 7
0 75 23 7
0 76 5 8
0 77 3 7
0 80 4 6
0 80 46 7
0 84 17 6
0 87 44 7
0 95 33 5
0 96 21 5
0 99 7 10
0 100 27 11
0 108 8 8
0 108 38 9
0 110 13 8
0 116 26 6
0 119 39 6
0 122 18 5
0 122 18 9
0 128 15 9
0 128 31 8
1 7 48 5
1 11 34 0
1 11 34 5
1 16 22 0
1 16 22 11
1 29 32 5
1 38 12 5
1 41 19 2
1 44 2 3
1 47 35 5
1 58 36 5
1 62 24 7
1 63 11 7
1 72 25 7
1 72 37 7
1 73 10 8
1 75 23 7
1 80 4 6
1 80 46 7
1 87 16 7
1 96 30 10
1 96 42 5
1 99 7 10
1 100 41 11
1 108 15 9
1 108 40 8
1 110 13 8
1 122 18 5
1 122 18 9
1 128 14 8
1 128 15 9
2110.7854527549866
