0 20 0
4 17 10
6 18 5
11 21 3
17 0 11
18 64 6
20 51 1
21 6 4
46 4 9
51 11 2
53 46 8
64 53 7
next
0 8 39 4
0 10 56 0
0 10 68 4
0 24 32 0
0 28 60 1
0 40 42 4
0 44 37 0
0 60 27 3
0 63 31 3
0 69 44 6
0 71 34 7
0 73 33 7
0 73 41 7
0 73 57 11
0 77 52 3
0 80 13 5
0 132 29 7
0 133 25 8
0 135 29 10
0 136 7 7
0 139 69 9
0 139 69 10
0 143 36 9
0 148 71 10
0 149 19 7
0 152 47 8
0 152 62 9
0 153 28 8
0 153 61 9
0 154 16 9
0 154 59 8
0 154 65 8
0 157 63 8
0 158 10 7
0 164 26 10
0 164 58 9
0 171 30 8
0 171 48 9
0 172 40 8
1 0 5 5
1 7 3 5
1 8 43 4
1 10 56 0
1 10 56 4
1 11 23 4
1 24 32 0
1 24 32 5
1 26 49 5
1 34 15 1
1 39 50 1
1 40 42 4
1 44 38 0
1 45 14 1
1 49 24 0
1 49 24 4
1 52 1 2
1 56 70 2
1 62 12 0
1 62 12 4
1 63 52 3
1 67 45 11
1 69 22 6
1 73 55 7
1 73 57 11
1 77 52 3
1 80 66 5
1 132 29 7
1 139 69 9
1 139 69 10
1 140 67 10
1 143 36 9
1 146 54 9
1 148 71 8
1 148 71 10
1 149 72 7
1 149 73 7
1 152 8 9
1 153 16 8
1 153 61 9
1 154 16 9
1 154 61 8
1 157 63 8
1 158 35 7
1 164 58 10
1 171 9 9
1 171 62 8
1 172 2 8
