2462.80373734285470 18 0
6 11 9
11 39 10
18 34 1
22 63 6
34 6 8
34 53 2
39 0 11
48 22 5
53 54 3
54 48 4
63 34 7
next
0 0 5 8
0 2 6 8
0 7 3 8
0 8 6 8
0 10 56 9
0 16 43 10
0 17 0 0
0 24 32 8
0 24 32 11
0 26 49 8
0 40 42 10
0 42 52 9
0 42 68 10
0 43 20 9
0 45 14 9
0 45 51 10
0 49 24 9
0 49 24 10
0 56 21 10
0 56 70 9
0 62 12 10
0 62 37 9
0 68 34 2
0 71 64 1
0 71 64 7
0 73 33 7
0 73 57 2
0 80 18 0
0 83 44 5
0 83 66 6
0 94 55 6
0 98 59 6
0 98 62 4
0 103 61 6
0 104 62 5
0 107 16 5
0 107 16 6
0 111 9 4
0 111 48 4
0 132 29 2
0 133 25 7
0 136 7 7
0 139 69 3
0 139 69 4
0 143 36 3
0 146 4 3
0 148 71 7
0 149 19 2
0 153 65 6
0 156 53 2
0 158 53 2
0 160 63 6
0 164 26 3
0 164 58 4
0 170 54 3
1 8 6 8
1 10 56 9
1 10 56 10
1 11 23 10
1 16 39 10
1 24 32 8
1 34 15 9
1 40 42 10
1 42 52 9
1 42 52 10
1 43 51 9
1 45 50 10
1 51 11 9
1 52 1 10
1 56 27 9
1 56 31 10
1 62 12 10
1 62 38 9
1 68 45 2
1 71 64 1
1 71 64 7
1 73 41 7
1 73 57 2
1 80 60 0
1 83 13 5
1 86 22 5
1 94 30 6
1 98 2 4
1 103 61 5
1 103 61 6
1 104 8 5
1 107 16 6
1 107 28 5
1 111 40 4
1 132 29 2
1 135 17 2
1 139 69 3
1 139 69 4
1 140 67 4
1 143 36 3
1 146 4 3
1 147 29 2
1 148 71 3
1 148 71 7
1 149 72 2
1 149 73 2
1 152 47 4
1 153 46 6
1 156 35 2
1 157 10 3
1 158 53 2
1 160 63 6
1 164 58 4
