0 56 0
3 11 9
5 18 2
11 68 10
18 64 3
45 3 8
53 59 5
56 5 1
59 63 6
63 45 7
64 53 4
68 0 11
next
0 0 6 1
0 10 52 0
0 11 23 0
0 17 43 11
0 24 32 0
0 34 15 9
0 40 42 9
0 41 20 9
0 41 51 10
0 42 52 9
0 45 14 9
0 49 24 10
0 52 1 9
0 56 31 9
0 66 66 7
0 69 55 3
0 71 34 4
0 72 44 7
0 73 33 4
0 80 39 2
0 98 8 5
0 98 28 5
0 98 40 5
0 98 48 5
0 98 62 5
0 112 16 5
0 112 61 5
0 112 61 6
0 129 69 5
0 129 69 6
0 132 29 4
0 135 17 7
0 136 7 7
0 141 26 5
0 141 36 6
0 141 67 7
0 142 58 6
0 147 29 4
0 148 71 5
0 149 73 4
0 152 47 5
0 154 65 5
0 157 10 5
0 159 4 7
1 0 6 1
1 7 6 8
1 10 37 0
1 24 32 8
1 24 32 11
1 26 49 2
1 40 42 10
1 41 38 9
1 41 51 10
1 42 52 9
1 45 50 9
1 49 24 10
1 56 21 9
1 56 27 9
1 56 70 10
1 62 12 9
1 62 12 10
1 66 57 7
1 69 13 3
1 72 22 7
1 73 41 7
1 73 57 4
1 80 60 2
1 98 2 5
1 98 9 5
1 98 30 5
1 98 62 5
1 112 16 5
1 112 16 6
1 112 61 5
1 129 69 5
1 129 69 6
1 133 25 7
1 141 36 5
1 141 58 6
1 142 46 6
1 147 29 4
1 148 71 5
1 148 71 7
1 149 19 4
1 149 72 4
1 151 35 4
1 159 54 7
1 160 4 6
