4069.0214268487210 18 0
6 0 11
17 32 7
18 34 1
22 63 5
32 38 8
34 35 2
35 59 3
38 60 9
59 22 4
60 6 10
63 17 6
next
0 2 6 10
0 7 3 11
0 10 56 10
0 11 23 10
0 17 0 0
0 24 32 7
0 27 39 11
0 30 38 8
0 32 51 9
0 33 37 9
0 34 14 10
0 36 68 8
0 40 42 10
0 42 52 10
0 43 1 10
0 43 11 10
0 47 12 9
0 48 60 9
0 49 24 10
0 54 31 10
0 62 21 10
0 62 27 10
0 70 64 1
0 71 64 1
0 73 57 2
0 73 57 7
0 83 13 4
0 83 66 5
0 86 22 4
0 94 61 4
0 98 2 5
0 98 30 3
0 98 59 5
0 103 61 5
0 107 8 5
0 107 16 4
0 107 62 5
0 129 4 5
0 129 69 3
0 132 29 2
0 133 25 6
0 136 7 6
0 141 36 5
0 141 67 3
0 141 69 6
0 148 71 6
0 149 19 3
0 149 72 2
0 150 4 6
0 150 54 5
0 151 35 2
0 151 53 3
0 152 47 5
0 153 46 5
0 159 63 6
1 0 5 11
1 2 6 10
1 8 6 10
1 10 56 10
1 17 43 0
1 24 32 7
1 24 32 11
1 27 49 11
1 32 51 9
1 34 15 10
1 35 56 10
1 40 42 10
1 42 52 10
1 43 50 10
1 44 20 10
1 47 12 9
1 49 24 10
1 54 52 10
1 62 70 10
1 66 45 2
1 70 34 7
1 70 64 1
1 71 64 1
1 73 33 7
1 73 41 7
1 80 18 0
1 83 44 4
1 94 61 4
1 98 9 5
1 98 40 3
1 98 48 5
1 103 55 5
1 107 16 4
1 107 16 5
1 107 28 5
1 107 62 5
1 129 69 3
1 129 69 5
1 132 29 2
1 132 29 3
1 133 36 6
1 135 17 6
1 141 26 5
1 141 58 3
1 141 58 6
1 148 71 3
1 148 71 6
1 149 53 3
1 149 73 3
1 151 53 2
1 153 65 5
1 159 10 6
1 160 63 5
