2466.523522676158
0.438169324502017
0 11 0
6 18 4
11 60 1
17 0 11
18 64 5
21 6 3
22 63 9
53 59 7
59 22 8
60 21 2
63 17 10
64 53 6
next
0 2 6 3
0 8 6 3
0 10 56 0
0 10 68 3
0 11 23 0
0 17 0 11
0 24 32 0
0 26 49 0
0 27 39 0
0 32 51 2
0 44 37 1
0 44 38 2
0 45 14 0
0 49 24 0
0 49 24 3
0 51 11 0
0 52 1 1
0 60 27 2
0 62 12 3
0 63 52 2
0 63 52 3
0 69 64 5
0 71 64 5
0 73 33 6
0 73 57 11
0 77 21 2
0 80 18 4
0 83 44 8
0 83 66 8
0 86 22 8
0 94 55 8
0 98 2 9
0 98 9 7
0 103 61 8
0 103 61 9
0 107 8 9
0 107 16 8
0 112 62 9
0 129 67 7
0 129 69 9
0 132 29 6
0 133 25 7
0 135 17 6
0 141 36 7
0 141 58 10
0 141 69 9
0 147 29 6
0 148 71 7
0 148 71 10
0 149 72 6
0 149 73 6
0 150 4 9
0 150 54 10
0 153 65 7
0 156 53 6
0 157 10 7
0 158 53 6
0 160 63 9
1 0 5 0
1 2 6 3
1 7 3 0
1 10 56 0
1 10 56 3
1 24 32 0
1 24 32 4
1 27 43 0
1 32 51 2
1 34 15 1
1 40 42 0
1 40 42 3
1 44 20 1
1 44 50 2
1 48 60 1
1 56 70 0
1 62 12 3
1 63 31 3
1 63 52 2
1 67 45 11
1 69 64 5
1 71 34 6
1 71 64 5
1 73 41 11
1 73 57 6
1 83 13 8
1 94 30 8
1 98 40 9
1 98 48 7
1 98 59 7
1 103 61 8
1 107 16 8
1 107 16 9
1 107 28 9
1 112 62 9
1 129 69 9
1 132 29 6
1 136 7 6
1 141 26 10
1 141 36 7
1 141 69 9
1 148 71 7
1 149 19 6
1 150 4 9
1 150 58 10
1 152 47 9
1 153 46 7
1 156 35 6
1 158 53 6
1 160 63 9
2767.9990313820863
