1211.736191540756
0.5531119170494083
0 2 0
1 11 2
2 1 1
2 2 16
2 2 17
2 7 18
6 14 12
7 0 21
7 7 19
7 7 20
11 11 9
11 12 10
11 20 3
12 6 11
14 2 15
14 14 13
14 14 14
19 11 8
19 19 6
19 19 7
20 19 5
20 20 4
next
0 9 0 0
0 24 9 1
0 26 2 0
0 30 7 18
0 36 10 18
0 44 11 2
0 44 21 8
0 50 20 2
0 50 20 3
0 54 12 10
0 66 14 12
0 71 5 1
0 73 1 1
0 74 3 12
0 82 15 12
0 82 18 11
0 86 16 1
0 86 17 2
1 8 8 21
1 36 10 18
1 44 11 2
1 44 13 8
1 52 19 5
1 71 5 1
1 86 4 2
1 95 6 11
1211.736261859573
643.21141869568030 7
1 16
2 9
3 14
6 15
7 0
9 2
11 19
14 3
15 6
16 1
19 20
20 21
21 11
next
0 18 10 0 7 0
0 18 10 0 7 1
0 221 1 1 16 0
0 93 2 2 9 0
0 223 3 3 14 0
0 100 7 7 0 0
0 145 11 11 19 0
0 212 14 14 3 0
0 239 15 15 6 0
0 246 5 16 1 0
0 246 5 16 1 1
0 246 16 16 1 0
0 165 19 19 20 0
0 156 20 20 21 0
0 147 12 20 21 0
0 154 21 21 11 0
1 18 0 0 7 0
1 18 8 0 7 0
1 269 6 6 15 0
1 91 9 9 2 0
1 145 11 11 19 1
1 239 18 15 6 0
1 246 4 16 1 0
1 246 17 16 1 0
1 156 20 20 21 1
1 147 13 20 21 0
2143.4262895760135
0.9173307715257778
0 18 0
2 3 4
3 17 5
7 2 3
9 0 10
9 7 2
17 20 6
18 9 1
18 9 9
20 21 7
21 18 8
next
0 19 10 3
0 19 10 10
0 22 11 7
0 22 11 8
0 24 12 7
0 24 21 7
0 25 19 8
0 25 20 6
0 25 20 8
0 31 5 0
0 41 15 0
0 41 18 0
0 48 0 0
0 52 2 1
0 52 9 1
1 4 8 2
1 15 7 2
1 24 13 7
1 31 5 5
1 31 16 1
1 37 3 4
1 37 14 4
1 41 6 9
1 46 1 5
1 53 4 5
1 53 17 5
2197.863869576015
2067.703288746621
0.7700334420896482
0 18 0
2 3 4
3 17 5
7 2 3
9 0 10
9 7 2
17 20 6
18 9 1
18 9 9
20 21 7
21 18 8
next
0 13 2 3
0 19 10 3
0 19 10 10
0 22 11 7
0 22 11 8
0 24 12 7
0 24 21 7
0 25 19 8
0 25 20 6
0 25 20 8
0 31 5 0
0 32 14 1
0 41 15 8
0 41 18 0
0 48 0 0
0 52 9 9
1 4 8 2
1 15 7 2
1 24 13 7
1 31 5 5
1 31 16 1
1 37 3 4
1 41 6 9
1 46 1 5
1 53 4 5
1 53 17 5
2108.989708746713
1291.02876804940070 14
2 7
3 16
6 18
7 0
11 13
13 21
14 3
15 2
16 20
18 15
19 6
20 11
21 19
next
0 98 8 0 14 0
0 223 3 3 16 0
0 203 5 3 16 0
0 269 6 6 18 0
0 145 11 11 13 1
0 130 13 13 21 0
0 147 12 13 21 0
0 212 14 14 3 0
0 239 15 15 2 0
0 246 4 16 20 0
0 246 17 16 20 0
0 241 18 18 15 0
0 156 20 20 11 1
0 145 11 21 19 0
1 18 0 0 14 0
1 98 9 0 14 0
1 98 10 0 14 0
1 98 10 0 14 1
1 93 2 2 7 0
1 203 5 3 16 1
1 100 7 7 0 0
1 246 1 16 20 0
1 246 16 16 20 0
1 165 19 19 6 0
1 156 20 20 11 0
1 154 21 21 19 0
