1042.27406397464070 14
1 29
2 27
3 26
4 13
5 18
7 9
8 17
9 7
10 4
11 28
13 3
14 10
15 22
16 30
17 8
18 5
21 23
22 15
23 21
26 0
27 2
28 11
29 1
30 16
next
0 16 14 0 14
0 126 6 1 29
0 280 2 2 27
0 217 27 2 27
0 206 3 3 26
0 93 26 3 26
0 69 4 4 13
0 156 5 5 18
0 58 7 7 9
0 292 22 15 22
0 226 16 16 30
0 165 18 18 5
0 156 5 18 5
0 155 23 21 23
0 211 15 22 15
0 155 23 23 21
0 280 2 27 2
0 272 28 28 11
0 126 6 29 1
0 226 16 30 16
1 18 0 0 14
1 129 1 1 29
1 126 6 1 29
1 131 29 1 29
1 156 5 5 18
1 56 9 9 7
1 10 10 10 4
1 221 11 11 28
1 272 28 11 28
1 106 13 13 3
1 97 24 13 3
1 226 16 16 30
1 215 20 16 30
1 224 30 16 30
1 225 17 17 8
1 236 8 17 8
1 156 5 18 5
1 174 21 23 21
1 117 19 26 0
1 217 25 27 2
1 272 12 28 11
1 126 6 29 1
1 226 16 30 16
673.50093916959770 7
1 16
2 9
3 14
6 3
7 0
9 2
11 21
14 15
15 6
16 1
19 20
20 19
21 11
next
0 5 8 0 7 0
0 91 9 2 9 0
0 269 6 6 3 0
0 95 10 9 2 1
0 145 11 11 21 1
0 147 13 11 21 0
0 215 5 14 15 0
0 239 18 14 15 0
0 239 15 15 6 0
0 246 4 16 1 0
0 165 19 19 20 0
0 156 20 19 20 0
0 156 20 20 19 1
0 154 21 21 11 0
1 100 7 0 7 0
1 221 1 1 16 0
1 246 16 1 16 0
1 223 3 3 14 0
1 18 0 7 0 0
1 95 10 9 2 0
1 93 2 9 2 0
1 147 12 11 21 0
1 212 14 14 15 0
1 215 5 14 15 1
1 246 17 16 1 0
1 145 11 21 11 0
999.50417523498240 7
1 16
2 0
6 14
7 8
8 15
14 2
15 6
16 1
19 21
20 19
21 20
next
0 115 10 2 0 0
0 215 5 6 14 0
0 61 8 8 15 0
0 93 2 8 15 0
0 90 9 8 15 0
0 246 16 16 1 0
0 219 17 16 1 0
0 165 19 19 21 0
0 156 20 19 21 1
0 156 20 20 19 0
0 147 13 21 20 0
0 145 11 21 20 0
1 18 0 0 7 0
1 221 1 1 16 0
1 115 10 2 0 1
1 269 6 6 14 0
1 239 18 6 14 0
1 215 5 6 14 1
1 223 3 6 14 0
1 100 7 7 8 0
1 212 14 14 2 0
1 239 15 15 6 0
1 246 4 16 1 0
1 154 21 21 20 0
1 147 12 21 20 0
1 145 11 21 20 1
645.98157203483940 7
1 16
2 9
3 14
6 15
7 0
9 2
11 21
14 3
15 6
16 1
19 20
20 19
21 11
next
0 18 8 0 7 0
0 219 5 1 16 1
0 93 2 2 9 0
0 95 10 2 9 0
0 145 11 11 21 0
0 147 13 11 21 0
0 239 18 15 6 0
0 246 16 16 1 0
0 219 4 16 1 0
0 156 20 20 19 1
1 18 0 0 7 0
1 221 1 1 16 0
1 219 17 1 16 0
1 95 10 2 9 1
1 223 3 3 14 0
1 269 6 6 15 0
1 100 7 7 0 0
1 91 9 9 2 0
1 145 11 11 21 1
1 147 12 11 21 0
1 212 14 14 3 0
1 239 15 15 6 0
1 219 5 16 1 0
1 165 19 19 20 0
1 156 20 20 19 0
1 154 21 21 11 0
727.49098898835150 7
1 15
2 9
3 14
6 16
7 0
9 2
11 19
14 3
15 6
16 1
19 20
20 21
21 11
next
0 18 8 0 7 0
0 221 1 1 15 0
0 246 17 1 15 0
0 93 10 2 9 0
0 223 3 3 14 0
0 214 5 6 16 0
0 91 9 9 2 0
0 145 11 11 19 1
0 239 18 15 6 0
0 246 16 16 1 0
0 156 20 20 21 0
0 147 13 20 21 0
1 18 0 0 7 0
1 246 4 1 15 0
1 93 10 2 9 1
1 269 6 6 16 0
1 214 5 6 16 1
1 100 7 7 0 0
1 91 2 9 2 0
1 145 11 11 19 0
1 212 14 14 3 0
1 239 15 15 6 0
1 165 19 19 20 0
1 156 20 20 21 1
1 147 12 20 21 0
1 154 21 21 11 0
709.34112444734970 7
1 6
2 9
3 14
6 15
7 0
9 2
11 19
14 3
15 16
16 1
19 20
20 21
21 11
next
0 18 0 0 7 0
0 221 1 1 6 0
0 246 17 1 6 0
0 93 10 2 9 0
0 223 3 3 14 0
0 269 6 6 15 0
0 91 9 9 2 0
0 145 11 11 19 1
0 239 15 15 16 0
0 217 5 15 16 1
0 156 20 20 21 0
0 147 13 20 21 0
1 18 8 0 7 0
1 246 4 1 6 0
1 93 10 2 9 1
1 100 7 7 0 0
1 91 2 9 2 0
1 145 11 11 19 0
1 212 14 14 3 0
1 239 18 15 16 0
1 217 5 15 16 0
1 246 16 16 1 0
1 165 19 19 20 0
1 156 20 20 21 1
1 147 12 20 21 0
1 154 21 21 11 0
727.49098898835150 7
1 15
2 9
3 14
6 16
7 0
9 2
11 19
14 3
15 6
16 1
19 20
20 21
21 11
next
0 18 8 0 7 0
0 221 1 1 15 0
0 246 17 1 15 0
0 93 10 2 9 0
0 223 3 3 14 0
0 214 5 6 16 0
0 91 9 9 2 0
0 145 11 11 19 1
0 239 18 15 6 0
0 246 16 16 1 0
0 156 20 20 21 0
0 147 13 20 21 0
1 18 0 0 7 0
1 246 4 1 15 0
1 93 10 2 9 1
1 269 6 6 16 0
1 214 5 6 16 1
1 100 7 7 0 0
1 91 2 9 2 0
1 145 11 11 19 0
1 212 14 14 3 0
1 239 15 15 6 0
1 165 19 19 20 0
1 156 20 20 21 1
1 147 12 20 21 0
1 154 21 21 11 0
734.54487885337610 7
1 15
2 9
3 14
6 18
7 0
9 2
11 19
14 3
15 6
16 1
18 16
19 20
20 21
21 11
next
0 18 8 0 7 0
0 221 1 1 15 0
0 246 5 1 15 1
0 93 10 2 9 0
0 223 3 3 14 0
0 269 6 6 18 0
0 91 2 9 2 0
0 145 11 11 19 0
0 239 15 15 6 0
0 246 16 16 1 0
0 213 5 18 16 0
0 156 20 20 21 0
0 147 13 20 21 0
0 154 21 21 11 0
1 18 0 0 7 0
1 246 4 1 15 0
1 93 10 2 9 1
1 100 7 7 0 0
1 91 9 9 2 0
1 145 11 11 19 1
901.16733634789320 7
1 16
2 9
3 14
6 15
7 0
9 2
11 20
13 21
14 3
15 1
16 6
19 11
20 19
21 13
next
0 18 0 0 7 0
0 221 1 1 16 0
0 93 2 2 9 0
0 93 10 2 9 1
0 223 3 3 14 0
0 269 6 6 15 0
0 145 11 11 20 1
0 147 21 13 21 0
0 239 15 15 1 0
0 239 18 15 1 0
0 217 5 15 1 1
0 246 5 16 6 0
0 165 19 19 11 0
0 156 20 20 19 0
1 18 8 0 7 0
1 93 9 2 9 0
1 100 7 7 0 0
1 91 10 9 2 0
1 145 11 11 20 0
1 130 13 13 21 0
1 147 12 13 21 0
1 212 14 14 3 0
1 217 4 15 1 0
1 217 16 15 1 0
1 246 17 16 6 0
1 156 20 20 19 1
901.16733634789320 7
1 16
2 9
3 14
6 15
7 0
9 2
11 20
13 21
14 3
15 1
16 6
19 11
20 19
21 13
next
0 18 0 0 7 0
0 221 1 1 16 0
0 93 2 2 9 0
0 93 10 2 9 1
0 223 3 3 14 0
0 269 6 6 15 0
0 145 11 11 20 1
0 147 21 13 21 0
0 239 15 15 1 0
0 239 18 15 1 0
0 217 5 15 1 1
0 246 5 16 6 0
0 165 19 19 11 0
0 156 20 20 19 0
1 18 8 0 7 0
1 93 9 2 9 0
1 100 7 7 0 0
1 91 10 9 2 0
1 145 11 11 20 0
1 130 13 13 21 0
1 147 12 13 21 0
1 212 14 14 3 0
1 217 4 15 1 0
1 217 16 15 1 0
1 246 17 16 6 0
1 156 20 20 19 1
901.16733634789320 7
1 16
2 9
3 14
6 15
7 0
9 2
11 20
13 21
14 3
15 1
16 6
19 11
20 19
21 13
next
0 18 0 0 7 0
0 221 1 1 16 0
0 93 2 2 9 0
0 93 10 2 9 1
0 223 3 3 14 0
0 269 6 6 15 0
0 145 11 11 20 1
0 147 21 13 21 0
0 239 15 15 1 0
0 239 18 15 1 0
0 217 5 15 1 1
0 246 5 16 6 0
0 165 19 19 11 0
0 156 20 20 19 0
1 18 8 0 7 0
1 93 9 2 9 0
1 100 7 7 0 0
1 91 10 9 2 0
1 145 11 11 20 0
1 130 13 13 21 0
1 147 12 13 21 0
1 212 14 14 3 0
1 217 4 15 1 0
1 217 16 15 1 0
1 246 17 16 6 0
1 156 20 20 19 1
901.16733634789320 7
1 16
2 9
3 14
6 15
7 0
9 2
11 20
13 21
14 3
15 1
16 6
19 11
20 19
21 13
next
0 18 0 0 7 0
0 221 1 1 16 0
0 93 2 2 9 0
0 93 10 2 9 1
0 223 3 3 14 0
0 269 6 6 15 0
0 145 11 11 20 1
0 147 21 13 21 0
0 239 15 15 1 0
0 239 18 15 1 0
0 217 5 15 1 1
0 246 5 16 6 0
0 165 19 19 11 0
0 156 20 20 19 0
1 18 8 0 7 0
1 93 9 2 9 0
1 100 7 7 0 0
1 91 10 9 2 0
1 145 11 11 20 0
1 130 13 13 21 0
1 147 12 13 21 0
1 212 14 14 3 0
1 217 4 15 1 0
1 217 16 15 1 0
1 246 17 16 6 0
1 156 20 20 19 1
901.16733634789320 7
1 16
2 9
3 14
6 15
7 0
9 2
11 20
13 21
14 3
15 1
16 6
19 11
20 19
21 13
next
0 18 0 0 7 0
0 221 1 1 16 0
0 93 2 2 9 0
0 93 10 2 9 1
0 223 3 3 14 0
0 269 6 6 15 0
0 145 11 11 20 1
0 147 21 13 21 0
0 239 15 15 1 0
0 239 18 15 1 0
0 217 5 15 1 1
0 246 5 16 6 0
0 165 19 19 11 0
0 156 20 20 19 0
1 18 8 0 7 0
1 93 9 2 9 0
1 100 7 7 0 0
1 91 10 9 2 0
1 145 11 11 20 0
1 130 13 13 21 0
1 147 12 13 21 0
1 212 14 14 3 0
1 217 4 15 1 0
1 217 16 15 1 0
1 246 17 16 6 0
1 156 20 20 19 1
901.16733634789320 7
1 16
2 9
3 14
6 15
7 0
9 2
11 20
13 21
14 3
15 1
16 6
19 11
20 19
21 13
next
0 18 0 0 7 0
0 221 1 1 16 0
0 93 2 2 9 0
0 93 10 2 9 1
0 223 3 3 14 0
0 269 6 6 15 0
0 145 11 11 20 1
0 147 21 13 21 0
0 239 15 15 1 0
0 239 18 15 1 0
0 217 5 15 1 1
0 246 5 16 6 0
0 165 19 19 11 0
0 156 20 20 19 0
1 18 8 0 7 0
1 93 9 2 9 0
1 100 7 7 0 0
1 91 10 9 2 0
1 145 11 11 20 0
1 130 13 13 21 0
1 147 12 13 21 0
1 212 14 14 3 0
1 217 4 15 1 0
1 217 16 15 1 0
1 246 17 16 6 0
1 156 20 20 19 1
901.16733634789320 7
1 16
2 9
3 14
6 15
7 0
9 2
11 20
13 21
14 3
15 1
16 6
19 11
20 19
21 13
next
0 18 0 0 7 0
0 221 1 1 16 0
0 93 2 2 9 0
0 93 10 2 9 1
0 223 3 3 14 0
0 269 6 6 15 0
0 145 11 11 20 1
0 147 21 13 21 0
0 239 15 15 1 0
0 239 18 15 1 0
0 217 5 15 1 1
0 246 5 16 6 0
0 165 19 19 11 0
0 156 20 20 19 0
1 18 8 0 7 0
1 93 9 2 9 0
1 100 7 7 0 0
1 91 10 9 2 0
1 145 11 11 20 0
1 130 13 13 21 0
1 147 12 13 21 0
1 212 14 14 3 0
1 217 4 15 1 0
1 217 16 15 1 0
1 246 17 16 6 0
1 156 20 20 19 1
901.16733634789320 7
1 16
2 9
3 14
6 15
7 0
9 2
11 20
13 21
14 3
15 1
16 6
19 11
20 19
21 13
next
0 18 0 0 7 0
0 221 1 1 16 0
0 93 2 2 9 0
0 93 10 2 9 1
0 223 3 3 14 0
0 269 6 6 15 0
0 145 11 11 20 1
0 147 21 13 21 0
0 239 15 15 1 0
0 239 18 15 1 0
0 217 5 15 1 1
0 246 5 16 6 0
0 165 19 19 11 0
0 156 20 20 19 0
1 18 8 0 7 0
1 93 9 2 9 0
1 100 7 7 0 0
1 91 10 9 2 0
1 145 11 11 20 0
1 130 13 13 21 0
1 147 12 13 21 0
1 212 14 14 3 0
1 217 4 15 1 0
1 217 16 15 1 0
1 246 17 16 6 0
1 156 20 20 19 1
718.48457351326540 7
1 15
2 9
3 14
6 18
7 0
9 2
14 3
15 16
16 1
18 6
19 20
20 21
21 19
next
0 29 8 0 7 0
0 221 1 1 15 0
0 246 17 1 15 0
0 93 10 2 9 1
0 223 3 3 14 0
0 91 9 9 2 0
0 239 15 15 16 0
0 217 5 15 16 0
0 246 16 16 1 0
0 241 18 18 6 0
0 156 20 20 21 0
0 147 13 20 21 0
0 145 11 21 19 1
1 18 0 0 7 0
1 246 4 1 15 0
1 93 10 2 9 0
1 269 6 6 18 0
1 100 7 7 0 0
1 91 2 9 2 0
1 212 14 14 3 0
1 217 5 15 16 1
1 165 19 19 20 0
1 156 20 20 21 1
1 147 12 20 21 0
1 154 21 21 19 0
1 145 11 21 19 0
901.16733634789320 7
1 16
2 9
3 14
6 15
7 0
9 2
11 20
13 21
14 3
15 1
16 6
19 11
20 19
21 13
next
0 18 0 0 7 0
0 221 1 1 16 0
0 93 2 2 9 0
0 93 10 2 9 1
0 223 3 3 14 0
0 269 6 6 15 0
0 145 11 11 20 1
0 147 21 13 21 0
0 239 15 15 1 0
0 239 18 15 1 0
0 217 5 15 1 1
0 246 5 16 6 0
0 165 19 19 11 0
0 156 20 20 19 0
1 18 8 0 7 0
1 93 9 2 9 0
1 100 7 7 0 0
1 91 10 9 2 0
1 145 11 11 20 0
1 130 13 13 21 0
1 147 12 13 21 0
1 212 14 14 3 0
1 217 4 15 1 0
1 217 16 15 1 0
1 246 17 16 6 0
1 156 20 20 19 1
727.49097924740450 7
1 6
2 9
3 14
6 15
7 0
9 2
11 19
14 3
15 16
16 1
19 20
20 21
21 11
next
0 18 8 0 7 0
0 214 5 1 6 0
0 93 10 2 9 1
0 223 3 3 14 0
0 269 6 6 15 0
0 91 2 9 2 0
0 145 11 11 19 1
0 239 18 15 16 0
0 246 4 16 1 0
0 156 20 20 21 0
0 147 13 20 21 0
1 18 0 0 7 0
1 221 1 1 6 0
1 246 16 1 6 0
1 214 5 1 6 1
1 93 10 2 9 0
1 100 7 7 0 0
1 91 9 9 2 0
1 145 11 11 19 0
1 212 14 14 3 0
1 239 15 15 16 0
1 246 17 16 1 0
1 165 19 19 20 0
1 156 20 20 21 1
1 147 12 20 21 0
1 154 21 21 11 0
901.16733634789320 7
1 16
2 9
3 14
6 15
7 0
9 2
11 20
13 21
14 3
15 1
16 6
19 11
20 19
21 13
next
0 18 0 0 7 0
0 221 1 1 16 0
0 93 2 2 9 0
0 93 10 2 9 1
0 223 3 3 14 0
0 269 6 6 15 0
0 145 11 11 20 1
0 147 21 13 21 0
0 239 15 15 1 0
0 239 18 15 1 0
0 217 5 15 1 1
0 246 5 16 6 0
0 165 19 19 11 0
0 156 20 20 19 0
1 18 8 0 7 0
1 93 9 2 9 0
1 100 7 7 0 0
1 91 10 9 2 0
1 145 11 11 20 0
1 130 13 13 21 0
1 147 12 13 21 0
1 212 14 14 3 0
1 217 4 15 1 0
1 217 16 15 1 0
1 246 17 16 6 0
1 156 20 20 19 1
727.49097924740450 7
1 6
2 9
3 14
6 15
7 0
9 2
11 19
14 3
15 16
16 1
19 20
20 21
21 11
next
0 18 8 0 7 0
0 214 5 1 6 0
0 93 10 2 9 1
0 223 3 3 14 0
0 269 6 6 15 0
0 91 2 9 2 0
0 145 11 11 19 1
0 239 18 15 16 0
0 246 4 16 1 0
0 156 20 20 21 0
0 147 13 20 21 0
1 18 0 0 7 0
1 221 1 1 6 0
1 246 16 1 6 0
1 214 5 1 6 1
1 93 10 2 9 0
1 100 7 7 0 0
1 91 9 9 2 0
1 145 11 11 19 0
1 212 14 14 3 0
1 239 15 15 16 0
1 246 17 16 1 0
1 165 19 19 20 0
1 156 20 20 21 1
1 147 12 20 21 0
1 154 21 21 11 0
901.16733634789320 7
1 16
2 9
3 14
6 15
7 0
9 2
11 20
13 21
14 3
15 1
16 6
19 11
20 19
21 13
next
0 18 0 0 7 0
0 221 1 1 16 0
0 93 2 2 9 0
0 93 10 2 9 1
0 223 3 3 14 0
0 269 6 6 15 0
0 145 11 11 20 1
0 147 21 13 21 0
0 239 15 15 1 0
0 239 18 15 1 0
0 217 5 15 1 1
0 246 5 16 6 0
0 165 19 19 11 0
0 156 20 20 19 0
1 18 8 0 7 0
1 93 9 2 9 0
1 100 7 7 0 0
1 91 10 9 2 0
1 145 11 11 20 0
1 130 13 13 21 0
1 147 12 13 21 0
1 212 14 14 3 0
1 217 4 15 1 0
1 217 16 15 1 0
1 246 17 16 6 0
1 156 20 20 19 1
718.48457351326540 7
1 15
2 9
3 14
6 18
7 0
9 2
14 3
15 16
16 1
18 6
19 20
20 21
21 19
next
0 29 8 0 7 0
0 221 1 1 15 0
0 246 17 1 15 0
0 93 10 2 9 1
0 223 3 3 14 0
0 91 9 9 2 0
0 239 15 15 16 0
0 217 5 15 16 0
0 246 16 16 1 0
0 241 18 18 6 0
0 156 20 20 21 0
0 147 13 20 21 0
0 145 11 21 19 1
1 18 0 0 7 0
1 246 4 1 15 0
1 93 10 2 9 0
1 269 6 6 18 0
1 100 7 7 0 0
1 91 2 9 2 0
1 212 14 14 3 0
1 217 5 15 16 1
1 165 19 19 20 0
1 156 20 20 21 1
1 147 12 20 21 0
1 154 21 21 19 0
1 145 11 21 19 0
901.16733634789320 7
1 16
2 9
3 14
6 15
7 0
9 2
11 20
13 21
14 3
15 1
16 6
19 11
20 19
21 13
next
0 18 0 0 7 0
0 221 1 1 16 0
0 93 2 2 9 0
0 93 10 2 9 1
0 223 3 3 14 0
0 269 6 6 15 0
0 145 11 11 20 1
0 147 21 13 21 0
0 239 15 15 1 0
0 239 18 15 1 0
0 217 5 15 1 1
0 246 5 16 6 0
0 165 19 19 11 0
0 156 20 20 19 0
1 18 8 0 7 0
1 93 9 2 9 0
1 100 7 7 0 0
1 91 10 9 2 0
1 145 11 11 20 0
1 130 13 13 21 0
1 147 12 13 21 0
1 212 14 14 3 0
1 217 4 15 1 0
1 217 16 15 1 0
1 246 17 16 6 0
1 156 20 20 19 1
901.16733634789320 7
1 16
2 9
3 14
6 15
7 0
9 2
11 20
13 21
14 3
15 1
16 6
19 11
20 19
21 13
next
0 18 0 0 7 0
0 221 1 1 16 0
0 93 2 2 9 0
0 93 10 2 9 1
0 223 3 3 14 0
0 269 6 6 15 0
0 145 11 11 20 1
0 147 21 13 21 0
0 239 15 15 1 0
0 239 18 15 1 0
0 217 5 15 1 1
0 246 5 16 6 0
0 165 19 19 11 0
0 156 20 20 19 0
1 18 8 0 7 0
1 93 9 2 9 0
1 100 7 7 0 0
1 91 10 9 2 0
1 145 11 11 20 0
1 130 13 13 21 0
1 147 12 13 21 0
1 212 14 14 3 0
1 217 4 15 1 0
1 217 16 15 1 0
1 246 17 16 6 0
1 156 20 20 19 1
901.16733634789320 7
1 16
2 9
3 14
6 15
7 0
9 2
11 20
13 21
14 3
15 1
16 6
19 11
20 19
21 13
next
0 18 0 0 7 0
0 221 1 1 16 0
0 93 2 2 9 0
0 93 10 2 9 1
0 223 3 3 14 0
0 269 6 6 15 0
0 145 11 11 20 1
0 147 21 13 21 0
0 239 15 15 1 0
0 239 18 15 1 0
0 217 5 15 1 1
0 246 5 16 6 0
0 165 19 19 11 0
0 156 20 20 19 0
1 18 8 0 7 0
1 93 9 2 9 0
1 100 7 7 0 0
1 91 10 9 2 0
1 145 11 11 20 0
1 130 13 13 21 0
1 147 12 13 21 0
1 212 14 14 3 0
1 217 4 15 1 0
1 217 16 15 1 0
1 246 17 16 6 0
1 156 20 20 19 1
727.20386404706230 7
1 16
2 9
3 14
6 15
7 0
9 2
11 19
14 3
15 17
16 1
17 6
19 20
20 21
21 11
next
0 18 8 0 7 0
0 93 10 2 9 0
0 223 3 3 14 0
0 269 6 6 15 0
0 91 2 9 2 0
0 145 11 11 19 1
0 239 15 15 17 0
0 246 4 16 1 0
0 215 5 17 6 0
0 156 20 20 21 0
0 147 13 20 21 0
1 18 0 0 7 0
1 221 1 1 16 0
1 93 10 2 9 1
1 100 7 7 0 0
1 91 9 9 2 0
1 145 11 11 19 0
1 212 14 14 3 0
1 239 18 15 17 0
1 246 16 16 1 0
1 262 17 17 6 0
1 215 5 17 6 1
1 165 19 19 20 0
1 156 20 20 21 1
1 147 12 20 21 0
1 154 21 21 11 0
901.16733634789320 7
1 16
2 9
3 14
6 15
7 0
9 2
11 20
13 21
14 3
15 1
16 6
19 11
20 19
21 13
next
0 18 0 0 7 0
0 221 1 1 16 0
0 93 2 2 9 0
0 93 10 2 9 1
0 223 3 3 14 0
0 269 6 6 15 0
0 145 11 11 20 1
0 147 21 13 21 0
0 239 15 15 1 0
0 239 18 15 1 0
0 217 5 15 1 1
0 246 5 16 6 0
0 165 19 19 11 0
0 156 20 20 19 0
1 18 8 0 7 0
1 93 9 2 9 0
1 100 7 7 0 0
1 91 10 9 2 0
1 145 11 11 20 0
1 130 13 13 21 0
1 147 12 13 21 0
1 212 14 14 3 0
1 217 4 15 1 0
1 217 16 15 1 0
1 246 17 16 6 0
1 156 20 20 19 1
901.16733634789320 7
1 16
2 9
3 14
6 15
7 0
9 2
11 20
13 21
14 3
15 1
16 6
19 11
20 19
21 13
next
0 18 0 0 7 0
0 221 1 1 16 0
0 93 2 2 9 0
0 93 10 2 9 1
0 223 3 3 14 0
0 269 6 6 15 0
0 145 11 11 20 1
0 147 21 13 21 0
0 239 15 15 1 0
0 239 18 15 1 0
0 217 5 15 1 1
0 246 5 16 6 0
0 165 19 19 11 0
0 156 20 20 19 0
1 18 8 0 7 0
1 93 9 2 9 0
1 100 7 7 0 0
1 91 10 9 2 0
1 145 11 11 20 0
1 130 13 13 21 0
1 147 12 13 21 0
1 212 14 14 3 0
1 217 4 15 1 0
1 217 16 15 1 0
1 246 17 16 6 0
1 156 20 20 19 1
718.48457351326540 7
1 15
2 9
3 14
6 18
7 0
9 2
14 3
15 16
16 1
18 6
19 20
20 21
21 19
next
0 29 8 0 7 0
0 221 1 1 15 0
0 246 17 1 15 0
0 93 10 2 9 1
0 223 3 3 14 0
0 91 9 9 2 0
0 239 15 15 16 0
0 217 5 15 16 0
0 246 16 16 1 0
0 241 18 18 6 0
0 156 20 20 21 0
0 147 13 20 21 0
0 145 11 21 19 1
1 18 0 0 7 0
1 246 4 1 15 0
1 93 10 2 9 0
1 269 6 6 18 0
1 100 7 7 0 0
1 91 2 9 2 0
1 212 14 14 3 0
1 217 5 15 16 1
1 165 19 19 20 0
1 156 20 20 21 1
1 147 12 20 21 0
1 154 21 21 19 0
1 145 11 21 19 0
901.16733634789320 7
1 16
2 9
3 14
6 15
7 0
9 2
11 20
13 21
14 3
15 1
16 6
19 11
20 19
21 13
next
0 18 0 0 7 0
0 221 1 1 16 0
0 93 2 2 9 0
0 93 10 2 9 1
0 223 3 3 14 0
0 269 6 6 15 0
0 145 11 11 20 1
0 147 21 13 21 0
0 239 15 15 1 0
0 239 18 15 1 0
0 217 5 15 1 1
0 246 5 16 6 0
0 165 19 19 11 0
0 156 20 20 19 0
1 18 8 0 7 0
1 93 9 2 9 0
1 100 7 7 0 0
1 91 10 9 2 0
1 145 11 11 20 0
1 130 13 13 21 0
1 147 12 13 21 0
1 212 14 14 3 0
1 217 4 15 1 0
1 217 16 15 1 0
1 246 17 16 6 0
1 156 20 20 19 1
833.77899272296580 7
1 16
2 9
3 14
6 18
7 0
9 2
11 19
13 11
14 3
15 1
16 6
18 15
19 20
20 21
21 13
next
0 18 8 0 7 0
0 223 3 3 14 0
0 91 10 9 2 0
0 145 11 11 19 1
0 217 5 15 1 1
0 246 4 16 6 0
0 246 5 16 6 0
0 147 12 20 21 0
0 154 21 21 13 0
1 18 0 0 7 0
1 18 2 0 7 0
1 221 1 1 16 0
1 269 6 6 18 0
1 100 7 7 0 0
1 91 9 9 2 0
1 91 10 9 2 1
1 145 11 11 19 0
1 130 13 13 11 0
1 212 14 14 3 0
1 239 15 15 1 0
1 246 16 16 6 0
1 246 17 16 6 0
1 241 18 18 15 0
1 165 19 19 20 0
1 156 20 20 21 0
1 156 20 20 21 1
659.33448685089760 7
1 16
2 9
3 14
6 15
7 0
9 2
11 19
14 3
15 18
16 1
18 6
19 20
20 21
21 11
next
0 18 8 0 7 0
0 93 2 2 9 0
0 223 3 3 14 0
0 29 0 7 0 0
0 91 9 9 2 0
0 145 11 11 19 0
0 246 5 16 1 0
0 246 5 16 1 1
0 246 16 16 1 0
0 241 18 18 6 0
0 156 20 20 21 1
0 147 12 20 21 0
0 154 21 21 11 0
1 18 10 0 7 0
1 221 1 1 16 0
1 93 10 2 9 1
1 269 6 6 15 0
1 100 7 7 0 0
1 145 11 11 19 1
1 212 14 14 3 0
1 239 15 15 18 0
1 246 4 16 1 0
1 246 17 16 1 0
1 165 19 19 20 0
1 156 20 20 21 0
1 147 13 20 21 0
714.15316687262780 7
1 18
2 9
3 14
6 15
7 0
9 2
11 19
14 3
15 16
16 1
18 6
19 20
20 21
21 11
next
0 18 0 0 7 0
0 221 1 1 18 0
0 246 17 1 18 0
0 93 10 2 9 0
0 223 3 3 14 0
0 269 6 6 15 0
0 91 2 9 2 0
0 145 11 11 19 0
0 239 15 15 16 0
0 217 5 15 16 0
0 156 20 20 21 1
0 147 12 20 21 0
0 154 21 21 11 0
1 18 8 0 7 0
1 246 4 1 18 0
1 93 10 2 9 1
1 100 7 7 0 0
1 91 9 9 2 0
1 145 11 11 19 1
1 212 14 14 3 0
1 217 5 15 16 1
1 246 16 16 1 0
1 241 18 18 6 0
1 165 19 19 20 0
1 156 20 20 21 0
1 147 13 20 21 0
659.33448685089760 7
1 16
2 9
3 14
6 15
7 0
9 2
11 19
14 3
15 18
16 1
18 6
19 20
20 21
21 11
next
0 18 8 0 7 0
0 93 2 2 9 0
0 223 3 3 14 0
0 29 0 7 0 0
0 91 9 9 2 0
0 145 11 11 19 0
0 246 5 16 1 0
0 246 5 16 1 1
0 246 16 16 1 0
0 241 18 18 6 0
0 156 20 20 21 1
0 147 12 20 21 0
0 154 21 21 11 0
1 18 10 0 7 0
1 221 1 1 16 0
1 93 10 2 9 1
1 269 6 6 15 0
1 100 7 7 0 0
1 145 11 11 19 1
1 212 14 14 3 0
1 239 15 15 18 0
1 246 4 16 1 0
1 246 17 16 1 0
1 165 19 19 20 0
1 156 20 20 21 0
1 147 13 20 21 0
