#indice client, latitude, longitude
18.0 44.8500102 0.5370699
23 44.8501976 0.5370047
26 44.8502213 0.5369548
29 44.8502194 0.536736
31 44.8501145 0.5366185
22 44.8499113 0.5359703
7 44.8497682 0.5351711
6 44.849811 0.5346738
9 44.8498954 0.5345162
27 44.8498533 0.5340781
0 44.8497142 0.5339426
1 44.8494262 0.53402
3 44.8493462 0.5341672
5 44.8488295 0.5345664
16 44.8411903 0.5339419
100 44.8393704 0.5320311
48 44.8393415 0.532599
44 44.8394075 0.5331989
46 44.8394449 0.5332583
40 44.8394564 0.5332929
60 44.8398153 0.5333803
39 44.8436074 0.5387662
61 44.8440564 0.5395829
39 44.8436074 0.5387662
60 44.8398153 0.5333803
40 44.8394564 0.5332929
46 44.8394449 0.5332583
44 44.8394075 0.5331989
48 44.8393415 0.532599
100 44.8393704 0.5320311
16 44.8411903 0.5339419
5 44.8488295 0.5345664
3 44.8493462 0.5341672
1 44.8494262 0.53402
0 44.8497142 0.5339426
27 44.8498533 0.5340781
9 44.8498954 0.5345162
6 44.849811 0.5346738
7 44.8497682 0.5351711
22 44.8499113 0.5359703
31 44.8501145 0.5366185
29 44.8502194 0.536736
26 44.8502213 0.5369548
23 44.8501976 0.5370047
24 44.8503237 0.538277
25 44.8506063 0.5398985
118 44.8506274 0.5405815
117 44.8506039 0.5406515
109 44.850644 0.5408671
115 44.8506887 0.5409119
98 44.850882 0.5414622
93 44.8513011 0.5437528
90 44.8514779 0.5447673
97 44.8518767 0.5469233
209 44.8527485 0.5915668
210 44.8521112 0.5917065
205 44.8515026 0.5924626
224 44.8512416 0.5933936
207 44.8544614 0.5943871
215 44.8549069 0.5945089
203 44.8549545 0.5942031
216 44.8551553 0.591857
201 44.8571788 0.5907473
233 44.8571096 0.5906113
235 44.8557052 0.5864306
232 44.8551513 0.5831389
169 44.8557559 0.5704317
149 44.8570078 0.5735742
164 44.8573152 0.5718145
156 44.8587763 0.5667607
165 44.8589238 0.5681398
156 44.8587763 0.5667607
145 44.8599615 0.565604
129 44.8628457 0.5655129
126 44.8606333 0.5573911
130 44.8597194 0.55787
126 44.8606333 0.5573911
129 44.8628457 0.5655129
147 44.8551076 0.5611465
154 44.8548726 0.5611556
139 44.8544475 0.5613014
155 44.8550146 0.5644559
177 44.8552783 0.5659027
193 44.8554308 0.5668916
192 44.8554883 0.5673491
148 44.8557614 0.5698568
169 44.8557559 0.5704317
232 44.8551513 0.5831389
235 44.8557052 0.5864306
233 44.8571096 0.5906113
201 44.8571788 0.5907473
234 44.8621307 0.5913205
263 44.8617145 0.5930737
262 44.8601993 0.5927036
263 44.8617145 0.5930737
234 44.8621307 0.5913205
201 44.8571788 0.5907473
216 44.8551553 0.591857
203 44.8549545 0.5942031
214 44.8551244 0.5942613
213 44.8558672 0.5944814
217 44.8558139 0.5959249
246 44.8575552 0.5975149
219 44.8583474 0.5991931
245 44.8604676 0.6004482
221 44.8615118 0.601432
245 44.8604676 0.6004482
219 44.8583474 0.5991931
246 44.8575552 0.5975149
217 44.8558139 0.5959249
257 44.8572158 0.5967263
255 44.8574708 0.5966233
256 44.8581118 0.5958822
255 44.8574708 0.5966233
257 44.8572158 0.5967263
217 44.8558139 0.5959249
213 44.8558672 0.5944814
214 44.8551244 0.5942613
265 44.8555573 0.5962832
248 44.8556052 0.5963112
266 44.8554403 0.5972994
248 44.8556052 0.5963112
265 44.8555573 0.5962832
214 44.8551244 0.5942613
203 44.8549545 0.5942031
215 44.8549069 0.5945089
226 44.8536919 0.6039617
239 44.8532219 0.6069202
240 44.8530705 0.607879
269 44.8528755 0.6091138
240 44.8530705 0.607879
239 44.8532219 0.6069202
241 44.8526177 0.6067
239 44.8532219 0.6069202
226 44.8536919 0.6039617
215 44.8549069 0.5945089
207 44.8544614 0.5943871
224 44.8512416 0.5933936
205 44.8515026 0.5924626
223 44.8507744 0.5926124
205 44.8515026 0.5924626
210 44.8521112 0.5917065
208 44.8518688 0.5892726
212 44.844483 0.5879308
208 44.8518688 0.5892726
210 44.8521112 0.5917065
209 44.8527485 0.5915668
97 44.8518767 0.5469233
89 44.8518719 0.5452533
91 44.8518587 0.5442335
95 44.851744 0.5436021
93 44.8513011 0.5437528
98 44.850882 0.5414622
114 44.8508853 0.5408393
113 44.8509087 0.5407693
112 44.8508687 0.5405537
111 44.8512509 0.540561
112 44.8508687 0.5405537
119 44.8508239 0.5405089
118 44.8506274 0.5405815
25 44.8506063 0.5398985
24 44.8503237 0.538277
18 44.8500102 0.5370699
