#indice client, latitude, longitude
0.0 44.8497142 0.5339426
2 44.8494721 0.5334952
8 44.8492656 0.5323499
2 44.8494721 0.5334952
1 44.8494262 0.53402
3 44.8493462 0.5341672
5 44.8488295 0.5345664
16 44.8482236 0.5349685
100 44.8517827 0.5446868
48 44.8391259 0.5333074
44 44.8412978 0.5453163
46 44.8392832 0.5336421
40 44.8436074 0.5387662
60 44.8412411 0.5458837
39 44.8417352 0.5489847
61 44.845525 0.5374438
42 44.8440291 0.5445427
57 44.8380712 0.535874
41 44.8394564 0.5332929
72 44.8391151 0.533395
62 44.8398153 0.5333803
72 44.8391151 0.533395
41 44.8394564 0.5332929
36 44.8471448 0.5353741
49 44.8393415 0.532599
38 44.8448553 0.5532113
58 44.8412402 0.545059
43 44.8438697 0.5418559
56 44.8410873 0.5441754
54 44.8393938 0.5340673
85 44.8320929 0.5445919
54 44.8393938 0.5340673
82 44.8381086 0.5463973
84 44.8384483 0.5447807
83 44.8363608 0.5458299
79 44.8303224 0.5531012
78 44.848105 0.5457035
68 44.8389094 0.5337367
78 44.848105 0.5457035
67 44.8392531 0.5336396
78 44.848105 0.5457035
79 44.8303224 0.5531012
83 44.8363608 0.5458299
86 44.8363495 0.5452558
103 44.8375739 0.5309815
86 44.8363495 0.5452558
87 44.8397688 0.5414514
88 44.8397688 0.5414514
87 44.8397688 0.5414514
69 44.8304661 0.5525755
66 44.8466998 0.5415783
65 44.8472501 0.5459946
45 44.8394075 0.5331989
52 44.8394322 0.5335496
45 44.8394075 0.5331989
65 44.8472501 0.5459946
70 44.8365086 0.547513
47 44.8394449 0.5332583
11 44.8374018 0.5308208
99 44.851744 0.5436021
12 44.8391651 0.5332188
99 44.851744 0.5436021
10 44.8498954 0.5345162
100 44.8517827 0.5446868
16 44.8482236 0.5349685
5 44.8488295 0.5345664
4 44.8493837 0.5346103
13 44.8408627 0.5336722
15 44.8495582 0.5347619
20 44.8499388 0.5369958
19 44.8500102 0.5370699
21 44.8497291 0.5369236
20 44.8499388 0.5369958
15 44.8495582 0.5347619
13 44.8408627 0.5336722
14 44.8494746 0.5347184
6 44.849811 0.5346738
7 44.8497682 0.5351711
22 44.8499104 0.5367751
17 44.8411903 0.5339419
31 44.8503917 0.5368356
29 44.8502538 0.5342067
26 44.8506063 0.5398985
23 44.8499113 0.5359703
24 44.8501976 0.5370047
25 44.8503237 0.538277
118 44.8508853 0.5408393
117 44.8509087 0.5407693
116 44.8508687 0.5405537
109 44.8344297 0.5433385
115 44.8512509 0.540561
98 44.8517389 0.5429863
93 44.8514779 0.5447673
95 44.8518439 0.5435649
92 44.8518719 0.5452533
95 44.8518439 0.5435649
91 44.8325473 0.5401764
96 44.8518439 0.5435649
89 44.833404 0.5411665
97 44.8513011 0.5437528
209 44.8515026 0.5924626
210 44.8502586 0.5928066
208 44.8511274 0.5965207
212 44.8544614 0.5943871
225 44.8578271 0.5968475
206 44.8552924 0.5895382
225 44.8578271 0.5968475
227 44.8615118 0.601432
288 44.8612422 0.6041826
227 44.8615118 0.601432
236 44.854413 0.593911
238 44.8549752 0.5819481
237 44.8552958 0.5847934
204 44.8595766 0.5573184
224 44.8583474 0.5991931
207 44.8549545 0.5942031
215 44.8521112 0.5917065
226 44.8615118 0.601432
239 44.8551513 0.5831389
240 44.8571096 0.5906113
239 44.8551513 0.5831389
226 44.8615118 0.601432
215 44.8521112 0.5917065
203 44.8585768 0.5574178
214 44.8527485 0.5915668
213 44.8518688 0.5892726
217 44.844483 0.5879308
246 44.8532219 0.6069202
219 44.8551244 0.5942613
245 44.8446864 0.6025563
221 44.8551553 0.591857
272 44.8555573 0.5962832
221 44.8551553 0.591857
245 44.8446864 0.6025563
219 44.8551244 0.5942613
246 44.8532219 0.6069202
220 44.8549069 0.5945089
246 44.8532219 0.6069202
217 44.844483 0.5879308
213 44.8518688 0.5892726
214 44.8527485 0.5915668
265 44.8543605 0.5932287
248 44.8526177 0.6067
270 44.8617145 0.5930737
247 44.8530705 0.607879
251 44.8577453 0.5997209
247 44.8530705 0.607879
270 44.8617145 0.5930737
248 44.8526177 0.6067
265 44.8543605 0.5932287
214 44.8527485 0.5915668
203 44.8585768 0.5574178
216 44.8522919 0.5814902
202 44.858148 0.5571009
228 44.8621517 0.5984507
230 44.8512416 0.5933936
232 44.8446883 0.5937862
235 44.8552998 0.5859172
283 44.8575404 0.6033071
285 44.8583729 0.6023027
283 44.8575404 0.6033071
235 44.8552998 0.5859172
232 44.8446883 0.5937862
169 44.8589238 0.5681398
149 44.8599615 0.565604
164 44.8573785 0.5718347
156 44.8514896 0.5520894
165 44.8586182 0.5699988
161 44.8611212 0.5682643
163 44.8591201 0.5714392
160 44.8587763 0.5667607
168 44.8573152 0.5718145
166 44.8604396 0.5689984
179 44.8597304 0.5716162
166 44.8604396 0.5689984
168 44.8573152 0.5718145
167 44.8586228 0.5714954
175 44.8604453 0.5756878
167 44.8586228 0.5714954
172 44.8584453 0.5735743
174 44.8611407 0.5757379
172 44.8584453 0.5735743
173 44.8557559 0.5704317
184 44.8580489 0.5769912
189 44.8653703 0.5710992
185 44.8580408 0.5578454
146 44.8604947 0.5682983
129 44.8501996 0.5405686
126 44.8311019 0.5452046
128 44.8393055 0.5428737
126 44.8311019 0.5452046
131 44.8669579 0.5586193
126 44.8311019 0.5452046
129 44.8501996 0.5405686
147 44.8606867 0.5677919
154 44.8523317 0.552336
139 44.8556727 0.5571192
136 44.8595973 0.5537369
134 44.8597194 0.55787
135 44.8597342 0.5547239
181 44.8552783 0.5659027
135 44.8597342 0.5547239
134 44.8597194 0.55787
136 44.8595973 0.5537369
138 44.8558476 0.5532587
150 44.8659901 0.5658493
151 44.8551076 0.5611465
150 44.8659901 0.5658493
138 44.8558476 0.5532587
299 44.843591 0.586525
300 44.8403223 0.5883734
299 44.843591 0.586525
292 44.8605564 0.5852654
211 44.8502586 0.5928066
208 44.8511274 0.5965207
210 44.8502586 0.5928066
209 44.8515026 0.5924626
97 44.8513011 0.5437528
90 44.8342666 0.5398518
93 44.8514779 0.5447673
98 44.8517389 0.5429863
115 44.8512509 0.540561
109 44.8344297 0.5433385
117 44.8509087 0.5407693
118 44.8508853 0.5408393
25 44.8503237 0.538277
24 44.8501976 0.5370047
23 44.8499113 0.5359703
26 44.8506063 0.5398985
29 44.8502538 0.5342067
31 44.8503917 0.5368356
22 44.8499104 0.5367751
7 44.8497682 0.5351711
6 44.849811 0.5346738
9 44.8492656 0.5323499
27 44.8502213 0.5369548
0 44.8497142 0.5339426
