#indice client, latitude, longitude
18.0 44.8500102 0.5370699
23 44.8501976 0.5370047
26 44.8502213 0.5369548
29 44.8502194 0.536736
31 44.8501145 0.5366185
22 44.8499113 0.5359703
7 44.8497682 0.5351711
6 44.849811 0.5346738
9 44.8498954 0.5345162
27 44.8498533 0.5340781
0 44.8497142 0.5339426
1 44.8494262 0.53402
3 44.8493462 0.5341672
5 44.8488295 0.5345664
16 44.8411903 0.5339419
100 44.8393704 0.5320311
10 44.8374018 0.5308208
99 44.8375739 0.5309815
11 44.8391651 0.5332188
47 44.8391259 0.5333074
70 44.8391151 0.533395
65 44.8392531 0.5336396
45 44.8392832 0.5336421
52 44.8393938 0.5340673
55 44.8380712 0.535874
85 44.8397688 0.5414514
54 44.8410873 0.5441754
56 44.8412402 0.545059
43 44.8412978 0.5453163
58 44.8412411 0.5458837
43 44.8412978 0.5453163
56 44.8412402 0.545059
54 44.8410873 0.5441754
85 44.8397688 0.5414514
55 44.8380712 0.535874
106 44.8375655 0.5361364
55 44.8380712 0.535874
52 44.8393938 0.5340673
45 44.8392832 0.5336421
65 44.8392531 0.5336396
66 44.8389094 0.5337367
69 44.834622 0.5394227
66 44.8389094 0.5337367
65 44.8392531 0.5336396
70 44.8391151 0.533395
47 44.8391259 0.5333074
11 44.8391651 0.5332188
99 44.8375739 0.5309815
10 44.8374018 0.5308208
100 44.8393704 0.5320311
16 44.8411903 0.5339419
5 44.8488295 0.5345664
3 44.8493462 0.5341672
1 44.8494262 0.53402
0 44.8497142 0.5339426
27 44.8498533 0.5340781
9 44.8498954 0.5345162
6 44.849811 0.5346738
7 44.8497682 0.5351711
22 44.8499113 0.5359703
31 44.8501145 0.5366185
29 44.8502194 0.536736
26 44.8502213 0.5369548
23 44.8501976 0.5370047
24 44.8503237 0.538277
25 44.8506063 0.5398985
118 44.8506274 0.5405815
117 44.8506039 0.5406515
109 44.850644 0.5408671
115 44.8506887 0.5409119
98 44.850882 0.5414622
93 44.8513011 0.5437528
90 44.8514779 0.5447673
97 44.8518767 0.5469233
209 44.8527485 0.5915668
210 44.8521112 0.5917065
208 44.8518688 0.5892726
211 44.8522919 0.5814902
292 44.843591 0.586525
299 44.8415457 0.5825457
138 44.8528097 0.5521547
136 44.8532117 0.5544096
139 44.8544475 0.5613014
155 44.8550146 0.5644559
139 44.8544475 0.5613014
154 44.8548726 0.5611556
147 44.8551076 0.5611465
129 44.8628457 0.5655129
126 44.8606333 0.5573911
131 44.8597342 0.5547239
126 44.8606333 0.5573911
130 44.8597194 0.55787
200 44.8595766 0.5573184
130 44.8597194 0.55787
126 44.8606333 0.5573911
129 44.8628457 0.5655129
145 44.8599615 0.565604
156 44.8587763 0.5667607
165 44.8589238 0.5681398
156 44.8587763 0.5667607
145 44.8599615 0.565604
129 44.8628457 0.5655129
146 44.8659901 0.5658493
185 44.8653703 0.5710992
189 44.8651372 0.5732263
184 44.8647826 0.5726724
173 44.8616525 0.5726524
172 44.8608134 0.5726024
174 44.8607875 0.5757119
172 44.8608134 0.5726024
167 44.860099 0.5726694
168 44.8584453 0.5735743
149 44.8570078 0.5735742
169 44.8557559 0.5704317
232 44.8551513 0.5831389
235 44.8557052 0.5864306
233 44.8571096 0.5906113
201 44.8571788 0.5907473
216 44.8551553 0.591857
203 44.8549545 0.5942031
214 44.8551244 0.5942613
213 44.8558672 0.5944814
217 44.8558139 0.5959249
246 44.8575552 0.5975149
220 44.8578271 0.5968475
280 44.8651187 0.5962303
220 44.8578271 0.5968475
246 44.8575552 0.5975149
219 44.8583474 0.5991931
245 44.8604676 0.6004482
221 44.8615118 0.601432
272 44.8605358 0.6015902
243 44.8581795 0.6004916
273 44.8576694 0.6025637
274 44.8581899 0.6027755
278 44.8583729 0.6023027
274 44.8581899 0.6027755
273 44.8576694 0.6025637
243 44.8581795 0.6004916
272 44.8605358 0.6015902
221 44.8615118 0.601432
245 44.8604676 0.6004482
219 44.8583474 0.5991931
246 44.8575552 0.5975149
217 44.8558139 0.5959249
213 44.8558672 0.5944814
218 44.8560772 0.5946036
213 44.8558672 0.5944814
214 44.8551244 0.5942613
203 44.8549545 0.5942031
215 44.8549069 0.5945089
226 44.8536919 0.6039617
215 44.8549069 0.5945089
207 44.8544614 0.5943871
224 44.8512416 0.5933936
206 44.8502586 0.5928066
225 44.8446883 0.5937862
227 44.8449837 0.5988019
236 44.8450447 0.5999872
227 44.8449837 0.5988019
225 44.8446883 0.5937862
212 44.844483 0.5879308
208 44.8518688 0.5892726
210 44.8521112 0.5917065
209 44.8527485 0.5915668
97 44.8518767 0.5469233
90 44.8514779 0.5447673
93 44.8513011 0.5437528
98 44.850882 0.5414622
115 44.8506887 0.5409119
109 44.850644 0.5408671
116 44.8502488 0.5408694
110 44.8502093 0.5406332
125 44.8501996 0.5405686
110 44.8502093 0.5406332
116 44.8502488 0.5408694
117 44.8506039 0.5406515
118 44.8506274 0.5405815
25 44.8506063 0.5398985
24 44.8503237 0.538277
18 44.8500102 0.5370699
