#indice client, latitude, longitude
0.0 44.8497142 0.5339426
2 44.8494721 0.5334952
8 44.8492656 0.5323499
34 44.8490649 0.5321456
32 44.8483716 0.5322281
120 44.8506039 0.5406515
32 44.8483716 0.5322281
34 44.8490649 0.5321456
8 44.8492656 0.5323499
2 44.8494721 0.5334952
1 44.8494262 0.53402
3 44.8493462 0.5341672
5 44.8488295 0.5345664
16 44.8411903 0.5339419
100 44.8518767 0.5469233
10 44.8374018 0.5308208
99 44.8517827 0.5446868
11 44.8391651 0.5332188
47 44.8391259 0.5333074
70 44.834622 0.5394227
65 44.8392531 0.5336396
66 44.8389094 0.5337367
69 44.834622 0.5394227
66 44.8389094 0.5337367
65 44.8392531 0.5336396
45 44.8392832 0.5336421
52 44.8393938 0.5340673
55 44.8380712 0.535874
85 44.8320929 0.5445919
53 44.8391327 0.541803
124 44.8352847 0.5399984
53 44.8391327 0.541803
85 44.8320929 0.5445919
54 44.8410873 0.5441754
82 44.8381086 0.5463973
84 44.8384483 0.5447807
83 44.8363608 0.5458299
86 44.8363495 0.5452558
103 44.8393704 0.5320311
86 44.8363495 0.5452558
83 44.8363608 0.5458299
79 44.8316718 0.5465032
78 44.8303224 0.5531012
67 44.8304661 0.5525755
77 44.848105 0.5457035
67 44.8304661 0.5525755
78 44.8303224 0.5531012
79 44.8316718 0.5465032
83 44.8363608 0.5458299
84 44.8384483 0.5447807
82 44.8381086 0.5463973
80 44.8317987 0.5457084
58 44.8412411 0.5458837
38 44.8417352 0.5489847
71 44.8391151 0.533395
50 44.8419922 0.5558146
37 44.8448553 0.5532113
49 44.843585 0.5486516
36 44.8440468 0.5448533
41 44.8440291 0.5445427
72 44.8404263 0.555248
62 44.8475926 0.543197
74 44.8479243 0.5442884
62 44.8475926 0.543197
72 44.8404263 0.555248
41 44.8440291 0.5445427
57 44.8438984 0.5432183
43 44.8412978 0.5453163
56 44.8412402 0.545059
54 44.8410873 0.5441754
85 44.8320929 0.5445919
55 44.8380712 0.535874
52 44.8393938 0.5340673
45 44.8392832 0.5336421
65 44.8392531 0.5336396
70 44.834622 0.5394227
47 44.8391259 0.5333074
11 44.8391651 0.5332188
99 44.8517827 0.5446868
12 44.8408627 0.5336722
99 44.8517827 0.5446868
10 44.8374018 0.5308208
100 44.8518767 0.5469233
16 44.8411903 0.5339419
5 44.8488295 0.5345664
3 44.8493462 0.5341672
1 44.8494262 0.53402
0 44.8497142 0.5339426
27 44.8498533 0.5340781
9 44.8498954 0.5345162
6 44.849811 0.5346738
7 44.8497682 0.5351711
22 44.8499113 0.5359703
31 44.8501145 0.5366185
29 44.8502194 0.536736
26 44.8502213 0.5369548
23 44.8501976 0.5370047
24 44.8503237 0.538277
25 44.8506063 0.5398985
118 44.8506887 0.5409119
117 44.8508853 0.5408393
109 44.8375655 0.5361364
115 44.8508687 0.5405537
98 44.851744 0.5436021
93 44.8514779 0.5447673
95 44.8518439 0.5435649
91 44.8325473 0.5401764
96 44.8513011 0.5437528
89 44.833404 0.5411665
97 44.8517389 0.5429863
209 44.8571788 0.5907473
210 44.8552924 0.5895382
205 44.8591541 0.5554298
224 44.8551244 0.5942613
207 44.8585768 0.5574178
229 44.8583474 0.5991931
258 44.8575552 0.5975149
216 44.8518688 0.5892726
201 44.8554308 0.5668916
234 44.8507744 0.5926124
201 44.8554308 0.5668916
233 44.8621517 0.5984507
235 44.8512416 0.5933936
232 44.8615118 0.601432
169 44.8586228 0.5714954
149 44.8599615 0.565604
164 44.8615993 0.567212
156 44.8516876 0.5525511
145 44.8604947 0.5682983
141 44.8528097 0.5521547
144 44.8603333 0.5670404
140 44.8561423 0.5526174
157 44.8514896 0.5520894
140 44.8561423 0.5526174
143 44.860905 0.5675106
141 44.8528097 0.5521547
145 44.8604947 0.5682983
156 44.8516876 0.5525511
164 44.8615993 0.567212
160 44.8548726 0.5611556
168 44.8604396 0.5689984
167 44.8586182 0.5699988
172 44.8589238 0.5681398
174 44.860099 0.5726694
170 44.8573152 0.5718145
174 44.860099 0.5726694
172 44.8589238 0.5681398
173 44.8588684 0.5742607
196 44.8651372 0.5732263
173 44.8588684 0.5742607
184 44.8552783 0.5659027
188 44.8580408 0.5578454
184 44.8552783 0.5659027
189 44.8559979 0.5600173
185 44.8584882 0.5579955
146 44.8606867 0.5677919
129 44.8606333 0.5573911
126 44.8383099 0.5422578
131 44.8652304 0.55308
186 44.860108 0.5759488
132 44.8628457 0.5655129
186 44.860108 0.5759488
133 44.8597194 0.55787
186 44.860108 0.5759488
131 44.8652304 0.55308
126 44.8383099 0.5422578
129 44.8606333 0.5573911
147 44.8606867 0.5677919
154 44.8570078 0.5735742
147 44.8606867 0.5677919
183 44.8545342 0.5651832
178 44.8604453 0.5756878
181 44.8607875 0.5757119
135 44.8595973 0.5537369
134 44.8597342 0.5547239
136 44.8618548 0.5533566
138 44.8556727 0.5571192
150 44.8659901 0.5658493
152 44.8557614 0.5698568
150 44.8659901 0.5658493
138 44.8556727 0.5571192
136 44.8618548 0.5533566
139 44.8532117 0.5544096
155 44.8523317 0.552336
177 44.8611407 0.5757379
193 44.859616 0.5538298
192 44.8653703 0.5710992
148 44.8609372 0.5673349
169 44.8586228 0.5714954
232 44.8615118 0.601432
230 44.8583474 0.5991931
232 44.8615118 0.601432
235 44.8512416 0.5933936
233 44.8621517 0.5984507
201 44.8554308 0.5668916
216 44.8518688 0.5892726
203 44.8596885 0.5681594
214 44.8502586 0.5928066
265 44.8556221 0.6037431
248 44.8450447 0.5999872
270 44.8543605 0.5932287
247 44.8557052 0.5864306
251 44.8532219 0.6069202
249 44.8495734 0.6043803
251 44.8532219 0.6069202
247 44.8557052 0.5864306
270 44.8543605 0.5932287
242 44.8552958 0.5847934
244 44.8551513 0.5831389
243 44.8549752 0.5819481
273 44.8621936 0.5940634
274 44.8601993 0.5927036
273 44.8621936 0.5940634
243 44.8549752 0.5819481
272 44.8547748 0.5941198
221 44.8522919 0.5814902
245 44.8571096 0.5906113
219 44.8521112 0.5917065
246 44.8621307 0.5913205
217 44.8518688 0.5892726
257 44.8604676 0.6004482
217 44.8518688 0.5892726
213 44.8515026 0.5924626
214 44.8502586 0.5928066
203 44.8596885 0.5681594
215 44.8544614 0.5943871
226 44.8551553 0.591857
267 44.8574708 0.5966233
226 44.8551553 0.591857
215 44.8544614 0.5943871
207 44.8585768 0.5574178
224 44.8551244 0.5942613
204 44.8620319 0.5701465
237 44.8536919 0.6039617
238 44.8449837 0.5988019
236 44.8446883 0.5937862
294 44.8612422 0.6041826
236 44.8446883 0.5937862
227 44.8558139 0.5959249
288 44.857148 0.6022078
227 44.8558139 0.5959249
225 44.8549069 0.5945089
291 44.8583729 0.6023027
225 44.8549069 0.5945089
206 44.858148 0.5571009
225 44.8549069 0.5945089
212 44.8511274 0.5965207
208 44.8595766 0.5573184
211 44.8549545 0.5942031
208 44.8595766 0.5573184
210 44.8552924 0.5895382
209 44.8571788 0.5907473
97 44.8517389 0.5429863
90 44.8342666 0.5398518
93 44.8514779 0.5447673
98 44.851744 0.5436021
115 44.8508687 0.5405537
109 44.8375655 0.5361364
116 44.8509087 0.5407693
117 44.8508853 0.5408393
118 44.8506887 0.5409119
25 44.8506063 0.5398985
24 44.8503237 0.538277
18 44.8500102 0.5370699
23 44.8501976 0.5370047
26 44.8502213 0.5369548
29 44.8502194 0.536736
31 44.8501145 0.5366185
22 44.8499113 0.5359703
7 44.8497682 0.5351711
6 44.849811 0.5346738
9 44.8498954 0.5345162
27 44.8498533 0.5340781
0 44.8497142 0.5339426
