#indice client, latitude, longitude
18.0 44.8500102 0.5370699
23 44.8501976 0.5370047
26 44.8502213 0.5369548
29 44.8502194 0.536736
31 44.8501145 0.5366185
22 44.8499113 0.5359703
7 44.8497682 0.5351711
6 44.849811 0.5346738
9 44.8498954 0.5345162
27 44.8498533 0.5340781
0 44.8497142 0.5339426
2 44.8494721 0.5334952
8 44.8492656 0.5323499
34 44.8490649 0.5321456
32 44.8483716 0.5322281
34 44.8490649 0.5321456
8 44.8492656 0.5323499
2 44.8494721 0.5334952
1 44.8494262 0.53402
3 44.8493462 0.5341672
5 44.8488295 0.5345664
16 44.8411903 0.5339419
100 44.8393704 0.5320311
10 44.8374018 0.5308208
99 44.8375739 0.5309815
12 44.8408627 0.5336722
99 44.8375739 0.5309815
11 44.8391651 0.5332188
47 44.8391259 0.5333074
70 44.8391151 0.533395
65 44.8392531 0.5336396
45 44.8392832 0.5336421
52 44.8393938 0.5340673
55 44.8380712 0.535874
85 44.8397688 0.5414514
54 44.8410873 0.5441754
56 44.8412402 0.545059
43 44.8412978 0.5453163
58 44.8412411 0.5458837
38 44.8417352 0.5489847
49 44.843585 0.5486516
36 44.8440468 0.5448533
41 44.8440291 0.5445427
72 44.8471233 0.5434552
63 44.8472501 0.5459946
72 44.8471233 0.5434552
41 44.8440291 0.5445427
57 44.8438984 0.5432183
43 44.8412978 0.5453163
56 44.8412402 0.545059
102 44.8409491 0.5450626
56 44.8412402 0.545059
54 44.8410873 0.5441754
85 44.8397688 0.5414514
55 44.8380712 0.535874
52 44.8393938 0.5340673
45 44.8392832 0.5336421
65 44.8392531 0.5336396
70 44.8391151 0.533395
47 44.8391259 0.5333074
11 44.8391651 0.5332188
99 44.8375739 0.5309815
10 44.8374018 0.5308208
100 44.8393704 0.5320311
16 44.8411903 0.5339419
5 44.8488295 0.5345664
4 44.8493837 0.5346103
13 44.8494746 0.5347184
15 44.8482236 0.5349685
20 44.8497291 0.5369236
19 44.8499388 0.5369958
20 44.8497291 0.5369236
15 44.8482236 0.5349685
13 44.8494746 0.5347184
14 44.8495582 0.5347619
6 44.849811 0.5346738
7 44.8497682 0.5351711
22 44.8499113 0.5359703
31 44.8501145 0.5366185
29 44.8502194 0.536736
26 44.8502213 0.5369548
23 44.8501976 0.5370047
24 44.8503237 0.538277
25 44.8506063 0.5398985
118 44.8506274 0.5405815
117 44.8506039 0.5406515
109 44.850644 0.5408671
115 44.8506887 0.5409119
114 44.8508853 0.5408393
98 44.850882 0.5414622
93 44.8513011 0.5437528
95 44.851744 0.5436021
91 44.8518587 0.5442335
89 44.8518719 0.5452533
97 44.8518767 0.5469233
209 44.8527485 0.5915668
210 44.8521112 0.5917065
205 44.8515026 0.5924626
223 44.8621517 0.5984507
286 44.857728 0.5856928
223 44.8621517 0.5984507
206 44.8502586 0.5928066
225 44.8512416 0.5933936
227 44.8536919 0.6039617
236 44.8557052 0.5864306
294 44.843591 0.586525
295 44.8403223 0.5883734
294 44.843591 0.586525
236 44.8557052 0.5864306
238 44.8495734 0.6043803
237 44.8450447 0.5999872
204 44.8511274 0.5965207
290 44.8446703 0.59875
204 44.8511274 0.5965207
224 44.8507744 0.5926124
207 44.8544614 0.5943871
215 44.8549069 0.5945089
203 44.8549545 0.5942031
214 44.8551244 0.5942613
213 44.8558672 0.5944814
217 44.8558139 0.5959249
246 44.8577453 0.5997209
220 44.8578271 0.5968475
246 44.8577453 0.5997209
219 44.8583474 0.5991931
245 44.8581795 0.6004916
221 44.8578271 0.5968475
272 44.8568805 0.5979327
243 44.8526177 0.6067
273 44.8554408 0.5987371
274 44.8605358 0.6015902
277 44.857148 0.6022078
274 44.8605358 0.6015902
273 44.8554408 0.5987371
243 44.8526177 0.6067
272 44.8568805 0.5979327
221 44.8578271 0.5968475
245 44.8581795 0.6004916
219 44.8583474 0.5991931
246 44.8577453 0.5997209
217 44.8558139 0.5959249
257 44.8574708 0.5966233
255 44.8556221 0.6037431
256 44.8555715 0.5955237
255 44.8556221 0.6037431
257 44.8574708 0.5966233
217 44.8558139 0.5959249
213 44.8558672 0.5944814
214 44.8551244 0.5942613
265 44.8617145 0.5930737
248 44.8575552 0.5975149
270 44.8544896 0.6038614
247 44.8604676 0.6004482
270 44.8544896 0.6038614
248 44.8575552 0.5975149
265 44.8617145 0.5930737
214 44.8551244 0.5942613
203 44.8549545 0.5942031
216 44.8551553 0.591857
258 44.8581118 0.5958822
216 44.8551553 0.591857
201 44.8571788 0.5907473
234 44.8571096 0.5906113
201 44.8571788 0.5907473
233 44.8551513 0.5831389
235 44.8621307 0.5913205
232 44.8549752 0.5819481
230 44.854413 0.593911
228 44.8449837 0.5988019
230 44.854413 0.593911
232 44.8549752 0.5819481
169 44.8557559 0.5704317
148 44.8557614 0.5698568
192 44.8554883 0.5673491
193 44.8554308 0.5668916
177 44.8552783 0.5659027
155 44.8550146 0.5644559
139 44.8544475 0.5613014
154 44.8548726 0.5611556
147 44.8551076 0.5611465
129 44.8628457 0.5655129
145 44.8599615 0.565604
141 44.8603333 0.5670404
143 44.8606867 0.5677919
142 44.8604947 0.5682983
143 44.8606867 0.5677919
141 44.8603333 0.5670404
145 44.8599615 0.565604
156 44.8587763 0.5667607
145 44.8599615 0.565604
129 44.8628457 0.5655129
146 44.8659901 0.5658493
185 44.8653703 0.5710992
189 44.8651372 0.5732263
184 44.8647826 0.5726724
173 44.8616525 0.5726524
172 44.8608134 0.5726024
174 44.8607875 0.5757119
170 44.8611407 0.5757379
174 44.8607875 0.5757119
172 44.8608134 0.5726024
173 44.8616525 0.5726524
184 44.8647826 0.5726724
189 44.8651372 0.5732263
185 44.8653703 0.5710992
146 44.8659901 0.5658493
129 44.8628457 0.5655129
126 44.8606333 0.5573911
131 44.8597342 0.5547239
197 44.8591541 0.5554298
131 44.8597342 0.5547239
186 44.859616 0.5538298
132 44.8595973 0.5537369
187 44.8588036 0.5541359
132 44.8595973 0.5537369
186 44.859616 0.5538298
131 44.8597342 0.5547239
126 44.8606333 0.5573911
129 44.8628457 0.5655129
147 44.8551076 0.5611465
154 44.8548726 0.5611556
139 44.8544475 0.5613014
136 44.8532117 0.5544096
138 44.8528097 0.5521547
150 44.8523317 0.552336
138 44.8528097 0.5521547
299 44.8410106 0.5969159
292 44.8508459 0.5965022
212 44.844483 0.5879308
208 44.8518688 0.5892726
210 44.8521112 0.5917065
209 44.8527485 0.5915668
97 44.8518767 0.5469233
90 44.8514779 0.5447673
93 44.8513011 0.5437528
98 44.850882 0.5414622
115 44.8506887 0.5409119
109 44.850644 0.5408671
117 44.8506039 0.5406515
118 44.8506274 0.5405815
25 44.8506063 0.5398985
24 44.8503237 0.538277
18 44.8500102 0.5370699
