#indice client, latitude, longitude
0.0 44.8497142 0.5339426
1 44.8494262 0.53402
3 44.8493462 0.5341672
5 44.8488295 0.5345664
16 44.8411903 0.5339419
100 44.8393704 0.5320311
10 44.8374018 0.5308208
99 44.8375739 0.5309815
11 44.8391651 0.5332188
47 44.8391259 0.5333074
70 44.8391151 0.533395
65 44.8392531 0.5336396
45 44.8392832 0.5336421
52 44.8393938 0.5340673
55 44.8380712 0.535874
85 44.8397688 0.5414514
53 44.8391327 0.541803
124 44.8393055 0.5428737
53 44.8391327 0.541803
85 44.8397688 0.5414514
54 44.8410873 0.5441754
56 44.8412402 0.545059
43 44.8412978 0.5453163
57 44.8438984 0.5432183
41 44.8440291 0.5445427
72 44.8471233 0.5434552
62 44.8475926 0.543197
74 44.8477268 0.5422181
62 44.8475926 0.543197
72 44.8471233 0.5434552
41 44.8440291 0.5445427
36 44.8440468 0.5448533
49 44.843585 0.5486516
37 44.8448553 0.5532113
50 44.8419922 0.5558146
71 44.8404263 0.555248
38 44.8417352 0.5489847
58 44.8412411 0.5458837
80 44.8381086 0.5463973
82 44.8384483 0.5447807
84 44.8363495 0.5452558
83 44.8320929 0.5445919
79 44.8317987 0.5457084
78 44.8316718 0.5465032
67 44.8304661 0.5525755
77 44.8303224 0.5531012
67 44.8304661 0.5525755
78 44.8316718 0.5465032
79 44.8317987 0.5457084
83 44.8320929 0.5445919
86 44.833404 0.5411665
103 44.8340627 0.5417618
86 44.833404 0.5411665
83 44.8320929 0.5445919
84 44.8363495 0.5452558
82 44.8384483 0.5447807
54 44.8410873 0.5441754
85 44.8397688 0.5414514
55 44.8380712 0.535874
52 44.8393938 0.5340673
45 44.8392832 0.5336421
65 44.8392531 0.5336396
66 44.8389094 0.5337367
69 44.834622 0.5394227
66 44.8389094 0.5337367
65 44.8392531 0.5336396
70 44.8391151 0.533395
47 44.8391259 0.5333074
11 44.8391651 0.5332188
99 44.8375739 0.5309815
12 44.8408627 0.5336722
99 44.8375739 0.5309815
10 44.8374018 0.5308208
100 44.8393704 0.5320311
16 44.8411903 0.5339419
5 44.8488295 0.5345664
3 44.8493462 0.5341672
1 44.8494262 0.53402
2 44.8494721 0.5334952
8 44.8492656 0.5323499
34 44.8490649 0.5321456
32 44.8483716 0.5322281
120 44.8471476 0.5328656
32 44.8483716 0.5322281
34 44.8490649 0.5321456
8 44.8492656 0.5323499
2 44.8494721 0.5334952
0 44.8497142 0.5339426
27 44.8498533 0.5340781
9 44.8498954 0.5345162
6 44.849811 0.5346738
7 44.8497682 0.5351711
22 44.8499113 0.5359703
31 44.8501145 0.5366185
29 44.8502194 0.536736
26 44.8502213 0.5369548
23 44.8501976 0.5370047
24 44.8503237 0.538277
25 44.8506063 0.5398985
118 44.8506274 0.5405815
117 44.8506039 0.5406515
109 44.850644 0.5408671
115 44.8506887 0.5409119
98 44.850882 0.5414622
93 44.8513011 0.5437528
90 44.8514779 0.5447673
97 44.8518767 0.5469233
209 44.8527485 0.5915668
210 44.8521112 0.5917065
208 44.8518688 0.5892726
211 44.8522919 0.5814902
208 44.8518688 0.5892726
212 44.844483 0.5879308
225 44.8446883 0.5937862
206 44.8502586 0.5928066
225 44.8446883 0.5937862
291 44.8435693 0.5936374
225 44.8446883 0.5937862
227 44.8449837 0.5988019
288 44.8446703 0.59875
227 44.8449837 0.5988019
236 44.8450447 0.5999872
294 44.8416638 0.599778
236 44.8450447 0.5999872
238 44.8446864 0.6025563
237 44.8495734 0.6043803
204 44.8511274 0.5965207
224 44.8512416 0.5933936
207 44.8544614 0.5943871
229 44.854413 0.593911
258 44.8543605 0.5932287
216 44.8551553 0.591857
201 44.8571788 0.5907473
234 44.8621307 0.5913205
201 44.8571788 0.5907473
233 44.8571096 0.5906113
235 44.8557052 0.5864306
232 44.8551513 0.5831389
169 44.8557559 0.5704317
149 44.8570078 0.5735742
164 44.8573152 0.5718145
156 44.8587763 0.5667607
145 44.8599615 0.565604
141 44.8603333 0.5670404
144 44.8609372 0.5673349
140 44.860905 0.5675106
157 44.8611212 0.5682643
140 44.860905 0.5675106
143 44.8606867 0.5677919
141 44.8603333 0.5670404
145 44.8599615 0.565604
156 44.8587763 0.5667607
164 44.8573152 0.5718145
160 44.8573785 0.5718347
168 44.8584453 0.5735743
167 44.860099 0.5726694
172 44.8608134 0.5726024
174 44.8607875 0.5757119
170 44.8611407 0.5757379
174 44.8607875 0.5757119
172 44.8608134 0.5726024
173 44.8616525 0.5726524
196 44.8620319 0.5701465
173 44.8616525 0.5726524
184 44.8647826 0.5726724
188 44.863413 0.5701518
184 44.8647826 0.5726724
189 44.8651372 0.5732263
185 44.8653703 0.5710992
146 44.8659901 0.5658493
129 44.8628457 0.5655129
126 44.8606333 0.5573911
131 44.8597342 0.5547239
186 44.859616 0.5538298
132 44.8595973 0.5537369
186 44.859616 0.5538298
133 44.8618548 0.5533566
186 44.859616 0.5538298
131 44.8597342 0.5547239
126 44.8606333 0.5573911
129 44.8628457 0.5655129
147 44.8551076 0.5611465
154 44.8548726 0.5611556
147 44.8551076 0.5611465
183 44.8592943 0.5582828
178 44.8584882 0.5579955
181 44.8580408 0.5578454
135 44.8556727 0.5571192
134 44.8558476 0.5532587
136 44.8532117 0.5544096
138 44.8528097 0.5521547
150 44.8523317 0.552336
152 44.8514896 0.5520894
150 44.8523317 0.552336
138 44.8528097 0.5521547
136 44.8532117 0.5544096
139 44.8544475 0.5613014
155 44.8550146 0.5644559
177 44.8552783 0.5659027
193 44.8554308 0.5668916
192 44.8554883 0.5673491
148 44.8557614 0.5698568
169 44.8557559 0.5704317
232 44.8551513 0.5831389
230 44.8552958 0.5847934
228 44.8552998 0.5859172
202 44.8552924 0.5895382
216 44.8551553 0.591857
203 44.8549545 0.5942031
214 44.8551244 0.5942613
265 44.8555573 0.5962832
248 44.8556052 0.5963112
270 44.8568805 0.5979327
247 44.856841 0.5979809
251 44.856408 0.5981309
249 44.8562355 0.5978353
251 44.856408 0.5981309
247 44.856841 0.5979809
270 44.8568805 0.5979327
242 44.8577252 0.5996733
244 44.8577453 0.5997209
243 44.8581795 0.6004916
273 44.8576694 0.6025637
274 44.8581899 0.6027755
273 44.8576694 0.6025637
243 44.8581795 0.6004916
272 44.8605358 0.6015902
221 44.8615118 0.601432
245 44.8604676 0.6004482
219 44.8583474 0.5991931
246 44.8575552 0.5975149
217 44.8558139 0.5959249
257 44.8572158 0.5967263
217 44.8558139 0.5959249
213 44.8558672 0.5944814
214 44.8551244 0.5942613
203 44.8549545 0.5942031
215 44.8549069 0.5945089
226 44.8536919 0.6039617
267 44.8544003 0.6040303
226 44.8536919 0.6039617
215 44.8549069 0.5945089
207 44.8544614 0.5943871
224 44.8512416 0.5933936
205 44.8515026 0.5924626
210 44.8521112 0.5917065
209 44.8527485 0.5915668
97 44.8518767 0.5469233
89 44.8518719 0.5452533
91 44.8518587 0.5442335
96 44.8517827 0.5446868
90 44.8514779 0.5447673
93 44.8513011 0.5437528
98 44.850882 0.5414622
115 44.8506887 0.5409119
109 44.850644 0.5408671
116 44.8502488 0.5408694
117 44.8506039 0.5406515
118 44.8506274 0.5405815
25 44.8506063 0.5398985
24 44.8503237 0.538277
18 44.8500102 0.5370699
23 44.8501976 0.5370047
26 44.8502213 0.5369548
29 44.8502194 0.536736
31 44.8501145 0.5366185
22 44.8499113 0.5359703
7 44.8497682 0.5351711
6 44.849811 0.5346738
9 44.8498954 0.5345162
27 44.8498533 0.5340781
0 44.8497142 0.5339426
