#indice client, latitude, longitude
0.0 44.8497142 0.5339426
27 44.8498533 0.5340781
9 44.8498954 0.5345162
6 44.849811 0.5346738
7 44.8497682 0.5351711
22 44.8499113 0.5359703
31 44.8501145 0.5366185
29 44.8502194 0.536736
26 44.8502213 0.5369548
23 44.8501976 0.5370047
24 44.8503237 0.538277
25 44.8506063 0.5398985
118 44.8506274 0.5405815
117 44.8506039 0.5406515
109 44.850644 0.5408671
115 44.8506887 0.5409119
98 44.850882 0.5414622
93 44.8513011 0.5437528
90 44.8514779 0.5447673
97 44.8518767 0.5469233
209 44.8527485 0.5915668
210 44.8521112 0.5917065
208 44.8518688 0.5892726
211 44.8522919 0.5814902
292 44.843591 0.586525
299 44.8415457 0.5825457
300 44.8392775 0.5829215
299 44.8415457 0.5825457
138 44.8528097 0.5521547
150 44.8523317 0.552336
151 44.8516876 0.5525511
150 44.8523317 0.552336
138 44.8528097 0.5521547
136 44.8532117 0.5544096
139 44.8544475 0.5613014
136 44.8532117 0.5544096
134 44.8558476 0.5532587
135 44.8556727 0.5571192
181 44.8580408 0.5578454
178 44.8584882 0.5579955
183 44.8592943 0.5582828
147 44.8551076 0.5611465
129 44.8628457 0.5655129
126 44.8606333 0.5573911
128 44.8652304 0.55308
126 44.8606333 0.5573911
131 44.8597342 0.5547239
126 44.8606333 0.5573911
129 44.8628457 0.5655129
146 44.8659901 0.5658493
185 44.8653703 0.5710992
189 44.8651372 0.5732263
184 44.8647826 0.5726724
173 44.8616525 0.5726524
172 44.8608134 0.5726024
174 44.8607875 0.5757119
172 44.8608134 0.5726024
167 44.860099 0.5726694
175 44.8597304 0.5716162
167 44.860099 0.5726694
168 44.8584453 0.5735743
166 44.8588684 0.5742607
179 44.860108 0.5759488
166 44.8588684 0.5742607
168 44.8584453 0.5735743
160 44.8573785 0.5718347
163 44.8586228 0.5714954
161 44.8586182 0.5699988
165 44.8589238 0.5681398
156 44.8587763 0.5667607
164 44.8573152 0.5718145
149 44.8570078 0.5735742
169 44.8557559 0.5704317
232 44.8551513 0.5831389
235 44.8557052 0.5864306
283 44.8583238 0.5856188
285 44.8605564 0.5852654
283 44.8583238 0.5856188
235 44.8557052 0.5864306
232 44.8551513 0.5831389
230 44.8552958 0.5847934
228 44.8552998 0.5859172
202 44.8552924 0.5895382
216 44.8551553 0.591857
203 44.8549545 0.5942031
214 44.8551244 0.5942613
213 44.8558672 0.5944814
217 44.8558139 0.5959249
246 44.8575552 0.5975149
220 44.8578271 0.5968475
246 44.8575552 0.5975149
219 44.8583474 0.5991931
245 44.8604676 0.6004482
221 44.8615118 0.601432
272 44.8605358 0.6015902
221 44.8615118 0.601432
245 44.8604676 0.6004482
219 44.8583474 0.5991931
246 44.8575552 0.5975149
217 44.8558139 0.5959249
213 44.8558672 0.5944814
214 44.8551244 0.5942613
265 44.8555573 0.5962832
248 44.8556052 0.5963112
270 44.8568805 0.5979327
247 44.856841 0.5979809
251 44.856408 0.5981309
247 44.856841 0.5979809
270 44.8568805 0.5979327
248 44.8556052 0.5963112
265 44.8555573 0.5962832
214 44.8551244 0.5942613
203 44.8549545 0.5942031
215 44.8549069 0.5945089
226 44.8536919 0.6039617
239 44.8532219 0.6069202
240 44.8530705 0.607879
239 44.8532219 0.6069202
226 44.8536919 0.6039617
215 44.8549069 0.5945089
207 44.8544614 0.5943871
224 44.8512416 0.5933936
204 44.8511274 0.5965207
237 44.8495734 0.6043803
238 44.8446864 0.6025563
236 44.8450447 0.5999872
227 44.8449837 0.5988019
288 44.8446703 0.59875
227 44.8449837 0.5988019
225 44.8446883 0.5937862
206 44.8502586 0.5928066
225 44.8446883 0.5937862
212 44.844483 0.5879308
208 44.8518688 0.5892726
210 44.8521112 0.5917065
209 44.8527485 0.5915668
97 44.8518767 0.5469233
89 44.8518719 0.5452533
96 44.8517827 0.5446868
91 44.8518587 0.5442335
95 44.851744 0.5436021
92 44.8518439 0.5435649
95 44.851744 0.5436021
93 44.8513011 0.5437528
98 44.850882 0.5414622
115 44.8506887 0.5409119
109 44.850644 0.5408671
116 44.8502488 0.5408694
117 44.8506039 0.5406515
118 44.8506274 0.5405815
25 44.8506063 0.5398985
24 44.8503237 0.538277
18 44.8500102 0.5370699
23 44.8501976 0.5370047
26 44.8502213 0.5369548
29 44.8502194 0.536736
31 44.8501145 0.5366185
17 44.8499478 0.5366856
21 44.8499104 0.5367751
20 44.8497291 0.5369236
15 44.8482236 0.5349685
13 44.8494746 0.5347184
4 44.8493837 0.5346103
5 44.8488295 0.5345664
16 44.8411903 0.5339419
100 44.8393704 0.5320311
48 44.8393415 0.532599
44 44.8394075 0.5331989
46 44.8394449 0.5332583
40 44.8394564 0.5332929
60 44.8398153 0.5333803
39 44.8436074 0.5387662
61 44.8440564 0.5395829
42 44.8438697 0.5418559
57 44.8438984 0.5432183
41 44.8440291 0.5445427
72 44.8471233 0.5434552
62 44.8475926 0.543197
72 44.8471233 0.5434552
41 44.8440291 0.5445427
36 44.8440468 0.5448533
49 44.843585 0.5486516
38 44.8417352 0.5489847
58 44.8412411 0.5458837
43 44.8412978 0.5453163
56 44.8412402 0.545059
54 44.8410873 0.5441754
85 44.8397688 0.5414514
54 44.8410873 0.5441754
82 44.8384483 0.5447807
84 44.8363495 0.5452558
83 44.8320929 0.5445919
79 44.8317987 0.5457084
78 44.8316718 0.5465032
67 44.8304661 0.5525755
78 44.8316718 0.5465032
68 44.8365086 0.547513
78 44.8316718 0.5465032
79 44.8317987 0.5457084
83 44.8320929 0.5445919
86 44.833404 0.5411665
103 44.8340627 0.5417618
86 44.833404 0.5411665
87 44.8342666 0.5398518
88 44.8325473 0.5401764
87 44.8342666 0.5398518
69 44.834622 0.5394227
66 44.8389094 0.5337367
65 44.8392531 0.5336396
45 44.8392832 0.5336421
52 44.8393938 0.5340673
45 44.8392832 0.5336421
65 44.8392531 0.5336396
70 44.8391151 0.533395
47 44.8391259 0.5333074
11 44.8391651 0.5332188
99 44.8375739 0.5309815
12 44.8408627 0.5336722
99 44.8375739 0.5309815
10 44.8374018 0.5308208
100 44.8393704 0.5320311
16 44.8411903 0.5339419
5 44.8488295 0.5345664
3 44.8493462 0.5341672
1 44.8494262 0.53402
2 44.8494721 0.5334952
8 44.8492656 0.5323499
2 44.8494721 0.5334952
0 44.8497142 0.5339426
